Number of pixels outside +/- 5sigma range: 12
Num hot pixels (>5sigma): 10
Num cold pixels (<5sigma): 2

num, Pixel_x, Pixel_y, Pixel_Mean, Pixel_Std
1, 87, 0, 4516.84, 100.85699975708181
2, 43, 4, 5896.68, 143.71853603484834
3, 167, 5, 5305.0, 128.462912935991
4, 13, 81, 5794.88, 64.55219283649471
5, 39, 88, 13205.88, 65.74819845440635
6, 556, 142, 1642.92, 91.55759717249028
7, 412, 274, 16383.0, 0.0
8, 413, 274, 16383.0, 0.0
9, 412, 275, 4000.32, 74.63174659620395
10, 41, 392, 3735.68, 133.67235166630385
11, 405, 470, 359.92, 85.30787536915922
12, 487, 488, 102.4, 125.41387483049874
