Number of pixels outside +/- 5sigma range: 26
Num hot pixels (>5sigma): 13
Num cold pixels (<5sigma): 13

num, Pixel_x, Pixel_y, Pixel_Mean, Pixel_Std
1, 87, 0, 1840.68, 78.07930327558
2, 373, 3, 451.92, 93.89991267301583
3, 43, 4, 1782.48, 86.27264688184778
4, 167, 5, 1853.84, 86.12348344092918
5, 397, 5, 447.56, 109.35230404522807
6, 474, 15, 451.8, 102.18649617243953
7, 175, 23, 432.52, 103.55718034013866
8, 344, 36, 451.0, 102.61500864883266
9, 481, 43, 456.12, 101.94206982399366
10, 119, 49, 447.48, 92.34592357002015
11, 476, 50, 456.52, 101.13322698302473
12, 23, 57, 456.84, 102.05750535849874
13, 13, 81, 1880.64, 74.80849149662087
14, 39, 88, 13384.92, 107.48094528799045
15, 556, 142, 1114.76, 118.46257805737642
16, 83, 203, 439.6, 97.1538985321742
17, 59, 217, 440.76, 108.6080218031799
18, 412, 274, 16362.52, 69.45105902720275
19, 413, 274, 16383.0, 0.0
20, 412, 275, 2283.32, 105.92590617974432
21, 75, 325, 444.52, 109.09779832792226
22, 41, 392, 1466.8, 54.67942940448445
23, 0, 397, 1107.36, 9.927255411240308
24, 0, 453, 1129.68, 13.649087881613184
25, 4, 470, 1118.52, 124.30965207899183
26, 487, 488, 350.0, 114.16514354215126
