Number of pixels outside +/- 5sigma range: 63
Num hot pixels (>5sigma): 41
Num cold pixels (<5sigma): 22

num, Pixel_x, Pixel_y, Pixel_Mean, Pixel_Std
1, 87, 0, 12536.52, 276.40392471887947
2, 43, 4, 16342.04, 93.85115023269562
3, 167, 5, 16235.6, 571.3957647725435
4, 217, 6, 1609.88, 151.8289353186671
5, 0, 7, 1481.88, 111.19759709634016
6, 382, 44, 81.92, 119.41789480643176
7, 155, 63, 212.16, 115.70364903493754
8, 596, 68, 1549.44, 146.3111971108158
9, 398, 69, 2252.08, 103.18136265818552
10, 13, 81, 16352.28, 83.19015326347221
11, 39, 88, 13198.04, 83.4138981225551
12, 223, 97, 1999.72, 83.42398695818846
13, 626, 105, 112.64, 127.07505813494637
14, 140, 121, 1825.84, 111.18765399089955
15, 227, 126, 1718.88, 111.86431781403756
16, 556, 142, 2906.52, 231.00114631750208
17, 632, 143, 291.52, 96.93590459680047
18, 265, 146, 1448.04, 83.0520222511168
19, 616, 150, 137.72, 82.17713550617349
20, 29, 152, 1691.56, 115.73144084474193
21, 131, 161, 136.8, 192.5724798614797
22, 437, 162, 1825.48, 106.7700782054598
23, 278, 167, 51.96, 103.9755663605638
24, 385, 178, 293.92, 116.68073362813588
25, 401, 180, 1670.28, 124.6231182405576
26, 554, 188, 40.96, 93.8511502326956
27, 389, 192, 1731.56, 105.09084831706326
28, 187, 221, 1826.96, 92.74415561101411
29, 490, 222, 1857.88, 89.97702817941922
30, 325, 238, 273.84, 84.97137400324887
31, 321, 244, 1661.56, 126.13487384541992
32, 446, 259, 281.04, 116.06876582440256
33, 387, 265, 1695.12, 93.68215198211449
34, 131, 272, 1744.04, 126.51971545968635
35, 412, 273, 3549.28, 134.70635322804935
36, 411, 274, 2329.68, 128.51854963389528
37, 412, 274, 16352.28, 83.19015326347221
38, 413, 274, 16383.0, 0.0
39, 412, 275, 11469.24, 215.862044834195
40, 178, 280, 1836.72, 109.48187795247213
41, 569, 302, 272.32, 139.46575780455933
42, 378, 305, 1776.0, 131.20213412898434
43, 156, 306, 1713.16, 126.76077626773986
44, 575, 311, 1475.16, 85.87697246643013
45, 367, 330, 1846.96, 127.5499839278704
46, 369, 362, 1659.56, 104.57574479773024
47, 41, 392, 10198.12, 228.640559831365
48, 182, 394, 293.28, 58.849992353440456
49, 358, 394, 1825.72, 108.30457792725106
50, 497, 396, 51.2, 102.4
51, 394, 404, 210.2, 104.4528601810405
52, 195, 412, 1668.8, 135.18579807065535
53, 629, 414, 295.36, 63.45951780466032
54, 489, 417, 1684.96, 138.83673289155143
55, 237, 431, 249.92, 66.25461191494522
56, 374, 434, 1783.52, 125.52836173550581
57, 301, 465, 133.12, 127.89755900719923
58, 405, 470, 122.88, 127.89755900719923
59, 336, 472, 1587.16, 134.2837830864174
60, 81, 474, 295.04, 91.36760038438133
61, 487, 488, 102.4, 125.41387483049874
62, 243, 500, 113.8, 123.82116135782282
63, 468, 511, 1673.92, 89.43597486470419
