Number of pixels outside +/- 5sigma range: 29
Num hot pixels (>5sigma): 3
Num cold pixels (<5sigma): 26

num, Pixel_x, Pixel_y, Pixel_Mean, Pixel_Std
1, 322, 41, 3038.6, 94.87929173428732
2, 484, 47, 316.92, 27.04650809254311
3, 12, 64, 361.56, 66.0224689026395
4, 214, 71, 260.84, 66.14328688536727
5, 148, 84, 81.92, 119.41789480643175
6, 16, 119, 341.12, 59.78850725682988
7, 536, 155, 368.2, 67.69401746092485
8, 86, 177, 390.52, 24.822763746206828
9, 347, 185, 62.16, 108.98501915401033
10, 144, 205, 368.6, 23.963305281200256
11, 532, 209, 275.2, 120.73541319761986
12, 272, 245, 298.08, 83.2874156160461
13, 9, 254, 380.68, 62.688895348378885
14, 520, 254, 1672.64, 112.28744542467783
15, 54, 257, 40.96, 93.8511502326956
16, 102, 284, 164.24, 73.25750746510558
17, 235, 287, 346.12, 63.14511540887386
18, 134, 302, 236.96, 116.52758643342786
19, 216, 312, 2649.96, 128.97487507262798
20, 584, 315, 184.56, 102.32187644878294
21, 106, 327, 40.96, 93.85115023269559
22, 261, 352, 166.44, 101.77154022613591
23, 119, 369, 298.32, 24.91861954442902
24, 463, 406, 40.96, 93.85115023269559
25, 617, 432, 102.4, 125.41387483049874
26, 113, 437, 407.48, 145.8018161752452
27, 241, 437, 30.72, 83.19015326347224
28, 431, 483, 273.08, 91.57725481799507
29, 345, 505, 405.96, 93.5668659301999
