Number of pixels outside +/- 5sigma range: 217
Num hot pixels (>5sigma): 1
Num cold pixels (<5sigma): 216

num, Pixel_x, Pixel_y, Pixel_Mean, Pixel_Std
1, 46, 1, 427.96, 18.630040257605458
2, 46, 2, 418.4, 50.9164020724167
3, 64, 2, 424.04, 69.39710656792542
4, 152, 2, 442.28, 101.87738512545363
5, 204, 2, 460.32, 93.56141084870407
6, 210, 2, 439.2, 109.49410943059907
7, 490, 2, 395.0, 92.98472992916632
8, 60, 3, 467.56, 68.24196949092251
9, 85, 3, 469.76, 68.09656672696502
10, 382, 3, 439.72, 88.30108493104713
11, 80, 4, 421.8, 69.02695125818612
12, 138, 4, 449.0, 89.65489389877163
13, 141, 4, 463.4, 80.62555426166075
14, 164, 4, 467.52, 93.23137669261352
15, 584, 4, 469.28, 51.703400275030276
16, 86, 5, 460.88, 50.29140682064879
17, 94, 5, 392.48, 81.22517836237726
18, 196, 5, 453.76, 91.5057506389626
19, 61, 7, 471.08, 74.81118632931843
20, 89, 7, 468.52, 82.5397455775095
21, 94, 7, 415.52, 67.66217259296363
22, 120, 7, 459.64, 81.81387657359844
23, 385, 7, 467.48, 93.89105175681014
24, 94, 8, 412.96, 82.18685052975324
25, 164, 8, 467.8, 72.07052101934605
26, 42, 9, 453.4, 92.31511252227341
27, 46, 9, 471.08, 69.21151349305981
28, 48, 9, 462.8, 83.2696823579867
29, 114, 9, 452.84, 90.84654313731481
30, 55, 10, 447.08, 103.70300670665245
31, 57, 10, 466.88, 93.76025597234683
32, 73, 10, 469.84, 118.73623878159523
33, 18, 11, 467.0, 67.48866571506656
34, 40, 11, 469.12, 66.55843748165967
35, 42, 11, 400.12, 83.47470035885125
36, 84, 11, 446.8, 88.86979239314111
37, 37, 12, 448.68, 93.52891317662147
38, 94, 12, 423.56, 69.69193927564363
39, 116, 12, 438.88, 92.70871372206607
40, 120, 12, 432.6, 78.48974455303063
41, 64, 13, 465.04, 93.59678626961504
42, 164, 13, 466.28, 93.36017137944852
43, 504, 13, 468.44, 83.36957718496598
44, 57, 14, 439.24, 70.32284408355508
45, 130, 14, 469.08, 81.9355454000277
46, 64, 15, 463.84, 82.41683323205278
47, 141, 15, 401.96, 100.0045918945725
48, 145, 15, 465.4, 93.21544936328955
49, 115, 16, 460.08, 82.68732430064476
50, 212, 17, 452.96, 55.69522780274804
51, 564, 17, 432.0, 105.76275336809269
52, 18, 18, 432.08, 50.23219684624594
53, 76, 18, 444.32, 66.37753836954184
54, 114, 18, 425.6, 69.57930726875628
55, 116, 18, 461.0, 81.21379193215891
56, 46, 19, 452.64, 92.05732127321542
57, 54, 19, 423.48, 10.465639015368339
58, 621, 19, 459.84, 81.82306765209917
59, 42, 20, 470.04, 70.04083380428877
60, 89, 21, 459.56, 79.26768824685125
61, 136, 21, 433.52, 51.01146537789323
62, 172, 21, 467.64, 81.7101609348556
63, 96, 22, 414.96, 68.98955283229483
64, 170, 23, 461.12, 50.421677877674796
65, 18, 25, 469.28, 49.795999839344525
66, 89, 27, 426.68, 48.690631542423034
67, 246, 28, 446.72, 91.83181148164289
68, 286, 28, 450.92, 101.12128163744762
69, 57, 29, 462.56, 50.772496491703066
70, 146, 29, 471.04, 69.82004296761782
71, 56, 30, 466.24, 69.01784117168546
72, 89, 31, 459.72, 91.96108742288773
73, 514, 31, 458.8, 82.22213813809515
74, 26, 32, 439.8, 70.00114284781357
75, 94, 32, 434.4, 50.19960159204454
76, 264, 32, 467.2, 93.32695216281309
77, 43, 33, 447.08, 82.34314543421328
78, 70, 33, 408.44, 82.22169056885171
79, 182, 33, 464.0, 69.62470825791661
80, 77, 34, 452.0, 82.81062733731704
81, 29, 35, 468.0, 93.44131848384846
82, 120, 35, 470.0, 83.12448496081043
83, 632, 35, 469.4, 85.10276141230672
84, 94, 36, 410.88, 51.830739913684425
85, 42, 37, 468.72, 71.92246936806328
86, 94, 37, 440.92, 65.70352806356749
87, 38, 39, 467.4, 69.26644209139084
88, 136, 39, 442.68, 53.81577463904055
89, 85, 40, 470.96, 70.65152793818403
90, 145, 40, 465.32, 81.02775820667877
91, 46, 41, 447.68, 66.20436239402959
92, 64, 41, 433.64, 89.4144865220396
93, 34, 42, 461.36, 82.3576978794332
94, 91, 42, 462.28, 81.27066875570793
95, 116, 42, 452.84, 93.94537987575548
96, 147, 43, 425.88, 92.0627264423556
97, 114, 44, 459.4, 83.29945978216185
98, 46, 45, 467.36, 84.8277690382106
99, 64, 45, 465.16, 67.36627049199028
100, 80, 45, 398.72, 93.32803223040762
101, 80, 46, 453.44, 82.73189469606024
102, 152, 46, 439.52, 97.24571764350347
103, 114, 47, 408.28, 82.60678906724314
104, 204, 47, 418.04, 50.630014813349604
105, 52, 48, 461.72, 79.511770197877
106, 86, 49, 430.88, 50.52707788898938
107, 157, 51, 450.32, 93.60116238594476
108, 76, 52, 461.44, 78.25040830564402
109, 64, 53, 411.24, 69.15910930600538
110, 114, 53, 456.44, 68.24548629762997
111, 38, 56, 471.2, 68.88947670000114
112, 46, 56, 434.92, 98.2038369922479
113, 122, 57, 432.64, 50.69428370141944
114, 139, 57, 458.0, 50.343619258054936
115, 564, 61, 466.72, 93.65362566393249
116, 42, 62, 455.88, 102.09733395147984
117, 94, 63, 462.68, 93.07189479106998
118, 46, 64, 461.84, 94.24465183765072
119, 136, 64, 456.56, 16.099888198369577
120, 37, 67, 454.72, 94.51117182640367
121, 146, 67, 469.24, 67.85530487736385
122, 94, 68, 396.48, 94.2486583458884
123, 345, 68, 461.36, 93.56575441901808
124, 18, 69, 437.28, 44.16742691169591
125, 43, 69, 460.64, 80.70384377463071
126, 16, 70, 465.28, 82.20390258375815
127, 46, 71, 451.36, 100.09590601018604
128, 564, 71, 468.24, 80.52740154754777
129, 46, 73, 463.2, 93.76054607349512
130, 84, 74, 444.36, 64.20023675968805
131, 64, 77, 468.2, 70.73386741865596
132, 82, 78, 470.96, 82.34876076784641
133, 91, 78, 471.16, 51.45924989737025
134, 97, 78, 448.64, 88.80850409729915
135, 64, 79, 397.6, 93.5448555506929
136, 622, 81, 460.04, 81.95339163207342
137, 94, 83, 464.88, 68.09659022300603
138, 156, 83, 434.48, 77.74528667385567
139, 148, 84, 81.92, 119.41789480643175
140, 88, 85, 446.4, 66.17371079212651
141, 136, 85, 471.12, 69.59156270698338
142, 560, 85, 463.88, 82.76198160991555
143, 188, 86, 450.28, 93.1697461625822
144, 200, 86, 465.72, 68.31721305791096
145, 24, 87, 455.08, 67.89398795180617
146, 38, 89, 456.84, 82.27790955049842
147, 26, 90, 422.52, 49.90159917277201
148, 18, 92, 437.36, 101.30029812394432
149, 26, 103, 453.6, 56.19893237420084
150, 91, 105, 470.48, 68.6178519045882
151, 130, 105, 463.04, 50.550157269785025
152, 18, 108, 447.16, 66.44196264410014
153, 560, 112, 470.04, 68.91065519932313
154, 94, 113, 453.0, 67.76429738438966
155, 38, 114, 440.68, 101.6963008176797
156, 324, 118, 456.16, 101.92533737986842
157, 141, 125, 432.84, 88.01985230617012
158, 38, 127, 466.96, 81.43929272777362
159, 94, 127, 469.72, 81.23128461374964
160, 270, 128, 458.76, 92.50049945811104
161, 558, 134, 458.68, 49.95495571011948
162, 94, 139, 444.92, 7.714505816965855
163, 152, 151, 450.04, 101.61514847698643
164, 29, 153, 469.96, 82.9975806876321
165, 64, 154, 467.8, 82.9491410443773
166, 94, 174, 462.68, 82.51386307766714
167, 152, 181, 451.72, 91.54912124100373
168, 130, 184, 450.4, 78.45304328067841
169, 18, 185, 454.2, 14.358272876638054
170, 96, 187, 462.44, 68.7407186462289
171, 18, 190, 433.84, 43.02248714335328
172, 204, 193, 419.68, 69.0621285510373
173, 188, 197, 400.84, 93.8495306328167
174, 226, 198, 462.24, 17.792762573585925
175, 624, 201, 470.16, 68.25345705530232
176, 146, 209, 449.16, 65.97798420685494
177, 38, 212, 466.56, 93.47002942120004
178, 38, 215, 393.08, 101.78444674899991
179, 46, 219, 399.68, 82.04716692244773
180, 64, 219, 397.6, 69.45271772940207
181, 306, 222, 468.2, 94.26982550105838
182, 38, 223, 446.12, 67.13051169177842
183, 147, 228, 464.04, 85.11473667937886
184, 282, 235, 469.12, 81.24300339106131
185, 130, 238, 451.52, 67.98948153942638
186, 146, 239, 458.08, 80.39946268477172
187, 210, 241, 459.32, 82.76797448288801
188, 116, 245, 463.6, 82.81255943394093
189, 94, 259, 441.04, 52.72758670752909
190, 130, 267, 465.04, 82.340502791761
191, 152, 270, 470.32, 69.51645560584917
192, 157, 270, 467.92, 68.8313416983862
193, 84, 271, 458.16, 102.30139001988195
194, 141, 274, 463.12, 91.84696837675153
195, 18, 287, 469.96, 71.27438810680874
196, 94, 291, 468.88, 67.47818610484428
197, 77, 297, 465.88, 68.02959356044985
198, 146, 302, 471.2, 81.48177710384083
199, 80, 312, 458.08, 93.15617853905343
200, 64, 313, 445.84, 93.76211601707803
201, 152, 313, 448.52, 93.73328971075324
202, 115, 323, 467.96, 82.99276113011302
203, 57, 331, 462.84, 81.28600371527683
204, 172, 339, 468.88, 70.44789280028182
205, 94, 347, 466.84, 50.79266088717936
206, 70, 373, 463.4, 85.14599227209699
207, 146, 385, 458.24, 125.55390236866396
208, 47, 387, 407.0, 91.36695244999693
209, 560, 413, 463.4, 82.75844367797164
210, 204, 427, 463.08, 92.65243439867082
211, 617, 432, 281.0, 109.3745857135011
212, 146, 435, 471.12, 51.69009189390167
213, 241, 437, 289.4, 99.97439672236088
214, 172, 442, 377.24, 53.28360348174661
215, 404, 445, 1200.36, 49.88376890332166
216, 64, 448, 462.44, 82.68643419570105
217, 64, 471, 437.24, 97.97929577211708
