Number of pixels outside +/- 5sigma range: 2307
Num hot pixels (>5sigma): 2306
Num cold pixels (<5sigma): 1

num, Pixel_x, Pixel_y, Pixel_Mean, Pixel_Std
1, 0, 0, 8330.04, 154.02323980490738
2, 1, 0, 5732.68, 132.30048223646048
3, 2, 0, 5549.76, 76.70686018864284
4, 3, 0, 5507.32, 135.84217901668094
5, 4, 0, 5467.96, 102.20821102044592
6, 5, 0, 5404.92, 110.99402506441507
7, 6, 0, 5562.32, 131.20296338116756
8, 7, 0, 5764.52, 161.807569662238
9, 8, 0, 5458.52, 98.02249537733671
10, 9, 0, 5621.36, 155.5308020939904
11, 10, 0, 5903.92, 134.62835362582433
12, 11, 0, 5485.32, 114.73089209101443
13, 12, 0, 5631.64, 77.40794791234298
14, 13, 0, 5482.68, 125.55850269894106
15, 14, 0, 5459.52, 163.368814649553
16, 15, 0, 5590.32, 121.96941255905104
17, 16, 0, 5498.48, 125.80909982986125
18, 17, 0, 5974.88, 110.91377551954491
19, 18, 0, 5418.4, 119.67522717755752
20, 19, 0, 5470.6, 156.45727851397646
21, 20, 0, 5557.36, 69.72051634920672
22, 21, 0, 5856.88, 168.04721241365473
23, 22, 0, 5610.44, 57.985570618904845
24, 23, 0, 5529.48, 160.80624863480892
25, 24, 0, 5441.68, 107.06548276638925
26, 25, 0, 5450.92, 128.60977256802846
27, 26, 0, 5437.28, 108.58232637036286
28, 27, 0, 5679.48, 150.9723471368184
29, 28, 0, 5897.48, 173.6198421840084
30, 29, 0, 5661.16, 150.2942926394745
31, 30, 0, 5623.92, 161.26919606670086
32, 31, 0, 5737.76, 133.74820522160292
33, 32, 0, 5787.84, 161.00749796205145
34, 33, 0, 5632.84, 148.31768067226508
35, 34, 0, 5751.04, 177.18972430702635
36, 35, 0, 5560.12, 114.12110059055688
37, 36, 0, 5640.48, 150.36625153271592
38, 37, 0, 5815.96, 158.3799179189079
39, 38, 0, 5788.96, 123.01982929593098
40, 39, 0, 5609.36, 147.2532186405445
41, 40, 0, 5516.68, 99.84977516249097
42, 41, 0, 5726.08, 175.93633393929753
43, 42, 0, 5665.44, 143.34240963511115
44, 43, 0, 6068.48, 120.03903365155851
45, 44, 0, 5657.36, 152.91170785783538
46, 45, 0, 5720.08, 142.0869930711464
47, 46, 0, 5395.12, 131.32991129213482
48, 47, 0, 5531.6, 113.76291135515125
49, 48, 0, 5681.32, 100.56628460870968
50, 49, 0, 5648.8, 157.48498341111767
51, 50, 0, 5602.96, 161.92825077792943
52, 51, 0, 5591.32, 123.90826283989296
53, 52, 0, 5428.12, 117.87190335274985
54, 53, 0, 5435.56, 113.76680710998266
55, 54, 0, 5854.84, 156.57245734802785
56, 55, 0, 5481.64, 113.62777125333402
57, 56, 0, 5419.64, 130.58051309441237
58, 57, 0, 5604.56, 107.44378250973858
59, 58, 0, 5521.52, 110.71553459203452
60, 59, 0, 5622.96, 139.47486655308188
61, 60, 0, 5465.32, 89.44617152231838
62, 61, 0, 5544.76, 103.99933845943445
63, 62, 0, 5725.36, 116.02616256689694
64, 63, 0, 5462.92, 104.53015641430946
65, 64, 0, 5609.2, 130.89354453142448
66, 65, 0, 5510.6, 149.52511494728904
67, 66, 0, 5722.56, 133.9665868789677
68, 67, 0, 5776.96, 149.80186380682989
69, 68, 0, 5595.48, 93.18846280522068
70, 69, 0, 5518.56, 114.33637391486577
71, 70, 0, 5769.24, 135.50654006357036
72, 71, 0, 5776.52, 174.83114596661545
73, 72, 0, 5587.2, 125.9225158579672
74, 73, 0, 5724.56, 208.73736225218522
75, 74, 0, 5627.96, 170.01023028041578
76, 75, 0, 5433.68, 136.7522489760223
77, 76, 0, 5426.04, 109.33306178828069
78, 77, 0, 5511.56, 117.46763979922302
79, 78, 0, 5622.52, 121.42623110349756
80, 79, 0, 5693.92, 135.10201182809973
81, 80, 0, 5570.44, 146.4988955589768
82, 81, 0, 5569.08, 133.25071707124133
83, 82, 0, 5473.48, 170.7974519716263
84, 83, 0, 5556.96, 141.8186109084418
85, 84, 0, 5417.6, 125.51525803662278
86, 85, 0, 5593.52, 142.12814499598593
87, 86, 0, 5464.92, 118.83397493982939
88, 87, 0, 5856.92, 169.1165089516692
89, 88, 0, 5574.44, 142.23138331606003
90, 89, 0, 5596.64, 156.97614595855
91, 90, 0, 5705.04, 160.62141326734738
92, 91, 0, 5643.24, 167.64325933362187
93, 92, 0, 5398.52, 98.21817347110462
94, 93, 0, 5693.08, 149.90394791332216
95, 94, 0, 5420.84, 102.11941245424399
96, 95, 0, 5562.76, 112.99921415655949
97, 96, 0, 5902.24, 107.318322759909
98, 97, 0, 5858.4, 154.34765952226164
99, 98, 0, 5608.12, 123.35747079119285
100, 99, 0, 5707.04, 137.27009288260862
101, 100, 0, 5704.56, 172.24797937856923
102, 101, 0, 5666.2, 180.30618403149685
103, 102, 0, 5532.72, 80.0392503713022
104, 103, 0, 5356.16, 113.50759622157453
105, 104, 0, 5512.56, 103.15273336174857
106, 105, 0, 5457.96, 163.3228655149058
107, 106, 0, 5904.72, 129.96784833180857
108, 107, 0, 5880.96, 128.77623383217886
109, 108, 0, 5659.92, 124.40318966971869
110, 109, 0, 5513.76, 126.19929635303045
111, 110, 0, 5808.36, 136.68237047988302
112, 111, 0, 5505.36, 136.6358313181429
113, 112, 0, 5731.76, 167.64636112961114
114, 113, 0, 5704.0, 172.0695208338769
115, 114, 0, 5512.92, 105.46768983911612
116, 115, 0, 5439.28, 93.7283393643566
117, 116, 0, 5615.96, 60.15611689595665
118, 117, 0, 5463.12, 113.62158949777105
119, 118, 0, 5557.04, 103.83620948397528
120, 119, 0, 5503.44, 128.70620187077233
121, 120, 0, 5582.0, 184.79956709906006
122, 121, 0, 5549.0, 113.7428679082781
123, 122, 0, 5680.52, 113.71864227117733
124, 123, 0, 5577.84, 135.43047810592708
125, 124, 0, 5607.12, 91.58048700460158
126, 125, 0, 5754.0, 167.3494547346958
127, 126, 0, 5588.28, 55.24456172330449
128, 127, 0, 5676.24, 152.71863802430929
129, 128, 0, 5730.76, 131.24794246006297
130, 129, 0, 5743.32, 148.31445512828475
131, 130, 0, 5415.88, 113.51134568843769
132, 131, 0, 5681.96, 137.27038427861999
133, 132, 0, 5502.32, 133.42824888306072
134, 133, 0, 5543.04, 120.1031156964714
135, 134, 0, 5601.52, 109.04132060829045
136, 135, 0, 5925.6, 104.53937057396126
137, 136, 0, 5498.84, 113.03262537869323
138, 137, 0, 5782.64, 176.33442772187172
139, 138, 0, 5547.12, 112.31858973473625
140, 139, 0, 5607.88, 161.61517750508457
141, 140, 0, 5562.96, 115.78893902268902
142, 141, 0, 5483.84, 145.89850718907306
143, 142, 0, 5604.52, 127.59847021026542
144, 143, 0, 5591.08, 157.35944077175668
145, 144, 0, 5414.04, 101.72688140309816
146, 145, 0, 5698.6, 161.93653077672127
147, 146, 0, 5433.48, 124.33828694332247
148, 147, 0, 5385.32, 117.40722976035164
149, 148, 0, 5671.16, 149.3831797760377
150, 149, 0, 5914.28, 136.84692762353123
151, 150, 0, 5588.16, 126.0735277526571
152, 151, 0, 5803.28, 169.5064647734711
153, 152, 0, 5420.0, 121.62335302070898
154, 153, 0, 5820.84, 140.8578517513312
155, 154, 0, 5786.4, 169.6712114649978
156, 155, 0, 5644.16, 196.42457687366922
157, 156, 0, 5580.04, 116.11838097390094
158, 157, 0, 5758.16, 157.96421873323084
159, 158, 0, 5527.72, 111.75957050740664
160, 159, 0, 5628.2, 132.95924187509493
161, 160, 0, 5865.4, 131.27040793720417
162, 161, 0, 5752.32, 172.96513405886168
163, 162, 0, 5435.68, 96.73746740534403
164, 163, 0, 5896.6, 112.00892821556683
165, 164, 0, 5954.68, 114.04199928096664
166, 165, 0, 5801.52, 149.4649443849627
167, 166, 0, 5359.76, 131.1195729096156
168, 167, 0, 5532.48, 104.49693584024367
169, 168, 0, 5732.6, 166.70332930088708
170, 169, 0, 5547.6, 106.74305598023697
171, 170, 0, 5359.4, 170.68544167561566
172, 171, 0, 5701.8, 164.2127887833344
173, 172, 0, 5504.16, 111.52961221128673
174, 173, 0, 5869.04, 162.6786968229092
175, 174, 0, 5541.56, 114.66266349601341
176, 175, 0, 5672.96, 136.86737522141647
177, 176, 0, 5493.8, 114.00701732788205
178, 177, 0, 5686.48, 163.55332341472
179, 178, 0, 5577.44, 99.78580259736353
180, 179, 0, 5550.84, 109.17277316254265
181, 180, 0, 5493.32, 119.9032009581062
182, 181, 0, 5688.6, 161.85845668360983
183, 182, 0, 5431.84, 142.64380252923712
184, 183, 0, 5491.92, 102.82097840421476
185, 184, 0, 5744.76, 135.78815264963285
186, 185, 0, 5536.28, 119.27196485343906
187, 186, 0, 5432.0, 121.72263552848337
188, 187, 0, 5672.56, 144.40057617613581
189, 188, 0, 5716.76, 153.45808026949902
190, 189, 0, 5571.8, 99.6493853468249
191, 190, 0, 5528.48, 133.04679477537215
192, 191, 0, 5587.16, 154.6044449555057
193, 192, 0, 5557.8, 138.7501351350693
194, 193, 0, 5702.88, 153.28439450903016
195, 194, 0, 5738.56, 150.70423484428034
196, 195, 0, 5449.76, 151.9353230818956
197, 196, 0, 5428.2, 114.72715458861515
198, 197, 0, 5610.24, 156.4233435264699
199, 198, 0, 5439.8, 111.17085949114542
200, 199, 0, 5507.16, 112.22822461395351
201, 200, 0, 5464.52, 112.77379837533184
202, 201, 0, 5730.44, 148.51453262223194
203, 202, 0, 5643.44, 139.03066712060328
204, 203, 0, 5608.04, 130.76742101915139
205, 204, 0, 5516.12, 118.51052948999933
206, 205, 0, 5851.08, 165.50599264075
207, 206, 0, 5532.36, 97.40754796215744
208, 207, 0, 5568.32, 112.195800277907
209, 208, 0, 5504.52, 114.47239667273503
210, 209, 0, 5431.76, 108.75266617421387
211, 210, 0, 5449.52, 129.94587180822634
212, 211, 0, 5474.28, 91.78475690440106
213, 212, 0, 5456.64, 114.10377031456937
214, 213, 0, 5732.44, 171.98397134616934
215, 214, 0, 5451.36, 92.43543909129225
216, 215, 0, 5410.28, 114.59616747518216
217, 216, 0, 5411.84, 111.90663251121444
218, 217, 0, 5424.56, 121.57897186602627
219, 218, 0, 5657.84, 121.36446926510246
220, 219, 0, 5425.92, 116.7807929413052
221, 220, 0, 5529.32, 123.2992197866637
222, 221, 0, 5833.88, 149.08180841403822
223, 222, 0, 5484.6, 99.98319858856287
224, 223, 0, 5722.68, 151.02495687799419
225, 224, 0, 5774.24, 181.7959911549207
226, 225, 0, 5548.64, 123.82887546933468
227, 226, 0, 5517.08, 118.29553499604289
228, 227, 0, 5395.0, 166.8453175848816
229, 228, 0, 5388.0, 120.51589106835662
230, 229, 0, 5565.12, 97.10543548123347
231, 230, 0, 5521.6, 113.89222976129672
232, 231, 0, 5777.96, 158.98263552979617
233, 232, 0, 5553.24, 132.45626598994855
234, 233, 0, 5820.24, 136.3396582069942
235, 234, 0, 5465.6, 126.43290710886941
236, 235, 0, 5499.4, 94.84049767899786
237, 236, 0, 5666.16, 159.6249805011734
238, 237, 0, 5577.64, 102.28348058215461
239, 238, 0, 5947.16, 127.13919301301233
240, 239, 0, 5602.72, 138.80187894981827
241, 240, 0, 5656.04, 146.36023503670663
242, 241, 0, 5480.0, 145.1586718043397
243, 242, 0, 5599.4, 105.80056710623057
244, 243, 0, 5627.96, 139.04689280958422
245, 244, 0, 5684.6, 126.50059288398612
246, 245, 0, 5748.68, 133.65858595690736
247, 246, 0, 5713.36, 177.14127243530797
248, 247, 0, 5654.6, 196.63265242578606
249, 248, 0, 5721.12, 143.053086649677
250, 249, 0, 5662.56, 131.8557029483367
251, 250, 0, 5506.92, 110.25059455621997
252, 251, 0, 5734.28, 130.10135126123788
253, 252, 0, 5687.6, 111.52040172094071
254, 253, 0, 5803.92, 162.5937071353009
255, 254, 0, 5643.0, 110.44781573213659
256, 255, 0, 5644.84, 126.60416422851185
257, 256, 0, 5730.12, 142.19966807274903
258, 257, 0, 5990.8, 124.53208421928863
259, 258, 0, 5781.6, 148.66014933397585
260, 259, 0, 5956.28, 119.08904903474541
261, 260, 0, 5827.12, 112.68409648215672
262, 261, 0, 5732.2, 166.76138641783956
263, 262, 0, 5515.28, 126.606641216012
264, 263, 0, 5652.16, 167.1647522655419
265, 264, 0, 5667.56, 143.86190044622657
266, 265, 0, 5553.0, 145.57417353363198
267, 266, 0, 5644.36, 93.61362294025373
268, 267, 0, 5512.8, 139.80443483666744
269, 268, 0, 5592.52, 180.23920106347566
270, 269, 0, 5703.28, 161.6082968167167
271, 270, 0, 5591.64, 134.18938259042704
272, 271, 0, 5521.92, 100.35533667922198
273, 272, 0, 5645.8, 197.5497911919929
274, 273, 0, 5512.4, 120.89929693757529
275, 274, 0, 5478.04, 137.52337401329274
276, 275, 0, 5439.16, 102.7769156960842
277, 276, 0, 5787.32, 164.9588360773681
278, 277, 0, 5547.84, 124.80310252553821
279, 278, 0, 5801.48, 145.55084884671749
280, 279, 0, 5556.92, 98.10970186480029
281, 280, 0, 5631.2, 94.83838885177246
282, 281, 0, 5438.36, 116.1588154209572
283, 282, 0, 5650.44, 74.72353310704734
284, 283, 0, 5627.48, 141.6579316522728
285, 284, 0, 5462.92, 115.93719679205634
286, 285, 0, 5894.28, 97.62766820937595
287, 286, 0, 5491.44, 157.79330277296307
288, 287, 0, 5524.6, 155.43230037543677
289, 288, 0, 5563.8, 95.88075927942998
290, 289, 0, 5779.36, 149.34493764436743
291, 290, 0, 5691.68, 135.9499084221832
292, 291, 0, 5731.04, 160.56287989445133
293, 292, 0, 5597.76, 78.13848219667437
294, 293, 0, 5483.44, 99.67510421364004
295, 294, 0, 5455.4, 94.39830506952973
296, 295, 0, 5678.08, 117.05243953032333
297, 296, 0, 5599.2, 146.39262276494674
298, 297, 0, 5910.76, 131.34725882179646
299, 298, 0, 5630.28, 153.06378278351804
300, 299, 0, 5797.76, 151.76779104935278
301, 300, 0, 5638.6, 120.39069731503344
302, 301, 0, 5556.32, 114.60810442547243
303, 302, 0, 5914.8, 128.33487444962105
304, 303, 0, 5955.04, 128.26300479873373
305, 304, 0, 5358.6, 130.52080293960805
306, 305, 0, 6148.4, 169.42679835256286
307, 306, 0, 5804.36, 135.0486964024459
308, 307, 0, 5983.76, 114.11127201113831
309, 308, 0, 5521.52, 97.0221088206188
310, 309, 0, 5979.44, 160.76718073039663
311, 310, 0, 5565.24, 113.09015164902732
312, 311, 0, 5813.92, 161.94466215346526
313, 312, 0, 5545.36, 89.68294375186399
314, 313, 0, 5657.44, 87.55573310754698
315, 314, 0, 5452.92, 109.41477779532343
316, 315, 0, 5905.0, 139.58481292748147
317, 316, 0, 5645.24, 105.04523977791663
318, 317, 0, 5661.08, 126.39744301211158
319, 318, 0, 5944.84, 186.45078278194492
320, 319, 0, 5689.44, 146.85913795198442
321, 320, 0, 5487.16, 107.10655628858581
322, 321, 0, 5626.6, 136.62181377803475
323, 322, 0, 5479.12, 127.93070624365366
324, 323, 0, 5439.32, 118.98393841187138
325, 324, 0, 5632.8, 152.08392419976545
326, 325, 0, 5503.32, 108.1716118027276
327, 326, 0, 5544.92, 98.55512974980046
328, 327, 0, 5690.68, 138.09553794384522
329, 328, 0, 5358.4, 134.39910713989138
330, 329, 0, 5784.2, 150.94343311320304
331, 330, 0, 5500.24, 135.7112464020576
332, 331, 0, 5604.04, 123.21801167037228
333, 332, 0, 5397.48, 134.18647323780442
334, 333, 0, 5862.76, 144.75752968326034
335, 334, 0, 5386.48, 128.93785169607875
336, 335, 0, 5441.04, 99.75429013330705
337, 336, 0, 5766.04, 132.75887314978235
338, 337, 0, 5657.72, 137.25232821340407
339, 338, 0, 5730.24, 139.4231774132264
340, 339, 0, 5917.72, 147.52505414335562
341, 340, 0, 5601.16, 161.60660382546254
342, 341, 0, 5719.88, 162.39761574604472
343, 342, 0, 5762.08, 169.98562762774975
344, 343, 0, 5736.44, 153.02864568439466
345, 344, 0, 5718.16, 162.37627412895026
346, 345, 0, 5533.08, 123.01542017161913
347, 346, 0, 6027.48, 129.88367718847505
348, 347, 0, 5557.4, 107.58921879073199
349, 348, 0, 5563.76, 98.35254140081993
350, 349, 0, 5540.04, 116.11769201977793
351, 350, 0, 5472.04, 142.63561406605294
352, 351, 0, 5545.92, 91.9921387945731
353, 352, 0, 5922.48, 117.5561550919389
354, 353, 0, 5639.6, 151.90944671086126
355, 354, 0, 5646.44, 96.36102116519936
356, 355, 0, 5571.12, 163.4973565535541
357, 356, 0, 5765.44, 136.8339373108879
358, 357, 0, 5511.52, 107.06899457826243
359, 358, 0, 5842.64, 107.78789542430077
360, 359, 0, 5436.8, 133.71880944728758
361, 360, 0, 5419.0, 128.03905654135383
362, 361, 0, 5631.52, 131.4047548606975
363, 362, 0, 5746.92, 138.93046318212575
364, 363, 0, 5703.24, 136.96255838731986
365, 364, 0, 5942.2, 125.90059570947231
366, 365, 0, 5872.68, 147.97830111202114
367, 366, 0, 5672.72, 139.02590262249694
368, 367, 0, 5682.68, 156.43470714646415
369, 368, 0, 5562.32, 110.69732426757206
370, 369, 0, 5559.12, 139.6969061933728
371, 370, 0, 5556.96, 125.94553743582978
372, 371, 0, 5537.28, 106.41786316215901
373, 372, 0, 5635.68, 140.58156920450133
374, 373, 0, 5781.6, 161.9883946460363
375, 374, 0, 5731.92, 143.14577744383521
376, 375, 0, 5603.76, 131.57303067118275
377, 376, 0, 5832.68, 155.0067663039262
378, 377, 0, 5532.4, 124.00483861527337
379, 378, 0, 5295.24, 143.73956449078312
380, 379, 0, 5610.36, 132.68244194315992
381, 380, 0, 5730.36, 172.14247122659765
382, 381, 0, 5735.4, 133.50355800502098
383, 382, 0, 5598.08, 99.00744214451761
384, 383, 0, 5780.88, 164.67818799100263
385, 384, 0, 5475.84, 117.241521655086
386, 385, 0, 5739.16, 161.48478070703752
387, 386, 0, 5708.72, 107.7907305847771
388, 387, 0, 5598.32, 89.7073999177325
389, 388, 0, 5563.4, 143.20391056112956
390, 389, 0, 5913.88, 128.89726762038055
391, 390, 0, 5441.68, 122.0126944215232
392, 391, 0, 5767.12, 162.46681384208898
393, 392, 0, 5861.16, 95.3539427606431
394, 393, 0, 5680.72, 130.2583647985802
395, 394, 0, 5424.0, 134.81691288558716
396, 395, 0, 5648.0, 154.6813498777406
397, 396, 0, 5577.28, 97.9867419603285
398, 397, 0, 5539.6, 137.70780660514492
399, 398, 0, 5744.12, 133.53271359483412
400, 399, 0, 5488.88, 125.02553979087632
401, 400, 0, 5456.4, 93.79808100382436
402, 401, 0, 5662.68, 183.1307117880559
403, 402, 0, 5511.08, 103.59533580234198
404, 403, 0, 5671.92, 145.2622235820449
405, 404, 0, 5640.12, 156.26831284684687
406, 405, 0, 5695.92, 164.00461456922486
407, 406, 0, 5936.16, 129.33512438622387
408, 407, 0, 5846.2, 126.47371268370357
409, 408, 0, 5533.52, 176.04343100496536
410, 409, 0, 5816.04, 159.18152656637014
411, 410, 0, 5706.8, 147.65662870321808
412, 411, 0, 6063.6, 113.3285489186198
413, 412, 0, 5579.76, 133.18206485859872
414, 413, 0, 5580.68, 93.74805384646658
415, 414, 0, 5464.84, 125.05764430853478
416, 415, 0, 5646.0, 127.28330605385767
417, 416, 0, 5929.84, 121.21870482726663
418, 417, 0, 5876.24, 145.63413885487154
419, 418, 0, 5838.6, 153.16083050179634
420, 419, 0, 5597.08, 158.941478538486
421, 420, 0, 5684.36, 143.9941332138223
422, 421, 0, 5602.72, 145.23016766498617
423, 422, 0, 5630.24, 140.0260775712867
424, 423, 0, 5757.92, 177.5896213183642
425, 424, 0, 5407.44, 89.00655256777446
426, 425, 0, 5762.44, 160.957157032547
427, 426, 0, 5408.92, 149.95623894990163
428, 427, 0, 5946.44, 109.59017474208167
429, 428, 0, 5736.12, 142.87094036227242
430, 429, 0, 5676.32, 152.50382814867302
431, 430, 0, 5523.04, 120.43669872592821
432, 431, 0, 5785.04, 156.33693869332353
433, 432, 0, 5510.84, 138.2391203675718
434, 433, 0, 5743.32, 160.30463998275283
435, 434, 0, 5693.0, 150.37712592013455
436, 435, 0, 5723.6, 163.19681369438558
437, 436, 0, 5941.32, 100.21166399177294
438, 437, 0, 5642.08, 120.8903370828289
439, 438, 0, 5527.4, 133.61826222489202
440, 439, 0, 5646.04, 170.1974100860527
441, 440, 0, 5637.24, 84.27492153659948
442, 441, 0, 5716.44, 137.77694437023925
443, 442, 0, 5815.36, 174.83589562787157
444, 443, 0, 5673.6, 145.9627349702656
445, 444, 0, 5436.56, 116.19434753894012
446, 445, 0, 5768.04, 171.9715046163172
447, 446, 0, 5449.44, 124.97458301590768
448, 447, 0, 5443.4, 128.331445873566
449, 448, 0, 5585.68, 128.647959952733
450, 449, 0, 5674.2, 150.4204773293849
451, 450, 0, 5720.72, 146.0543789141565
452, 451, 0, 6278.4, 139.1310173900845
453, 452, 0, 5743.6, 181.63303664256674
454, 453, 0, 5748.44, 111.73507238105681
455, 454, 0, 5719.72, 128.08232352670683
456, 455, 0, 5582.2, 136.89850254842088
457, 456, 0, 5447.68, 154.98483022541268
458, 457, 0, 5584.8, 92.06736663986865
459, 458, 0, 5476.44, 111.37578911056029
460, 459, 0, 5974.28, 142.29111567487269
461, 460, 0, 5552.52, 112.4928868862383
462, 461, 0, 5641.16, 154.98817503280694
463, 462, 0, 5715.92, 120.81123126597132
464, 463, 0, 5612.12, 132.21446819467224
465, 464, 0, 5615.52, 152.4375596760851
466, 465, 0, 5713.04, 190.17097149670346
467, 466, 0, 5572.28, 112.15115514340457
468, 467, 0, 5771.64, 147.69424633343033
469, 468, 0, 5629.32, 127.3435416501363
470, 469, 0, 5508.44, 155.5359971196379
471, 470, 0, 5720.08, 131.18503573197668
472, 471, 0, 5721.4, 160.66710926633365
473, 472, 0, 5496.36, 124.46232522333815
474, 473, 0, 5707.28, 142.8597970039157
475, 474, 0, 5616.32, 150.59102762117
476, 475, 0, 5619.6, 126.43448896562992
477, 476, 0, 5543.32, 115.70020570422508
478, 477, 0, 5916.76, 111.40387066884168
479, 478, 0, 5470.32, 135.95461595694348
480, 479, 0, 5700.76, 137.7293810339682
481, 480, 0, 5589.84, 155.19398957433887
482, 481, 0, 5736.04, 151.34740962434736
483, 482, 0, 5772.48, 149.29731946689466
484, 483, 0, 5567.52, 143.8519016210769
485, 484, 0, 5553.08, 107.08087410924513
486, 485, 0, 5903.36, 135.44471344426847
487, 486, 0, 5655.16, 106.37393665743502
488, 487, 0, 5723.4, 158.92287437622062
489, 488, 0, 5475.88, 107.67815748795111
490, 489, 0, 5645.76, 135.17167750679133
491, 490, 0, 5551.8, 116.98375955661537
492, 491, 0, 5584.28, 124.1951754296438
493, 492, 0, 5720.64, 143.8465515749335
494, 493, 0, 5699.0, 136.83537554302248
495, 494, 0, 5574.16, 133.13742674394754
496, 495, 0, 5872.16, 130.3710642742476
497, 496, 0, 5729.2, 129.4987258624578
498, 497, 0, 5649.52, 111.16334647715495
499, 498, 0, 5807.84, 154.03991171121854
500, 499, 0, 5772.68, 141.0150970641087
501, 500, 0, 5685.32, 154.8061290776305
502, 501, 0, 5764.76, 150.30163804829274
503, 502, 0, 5601.84, 118.53258792416537
504, 503, 0, 5793.36, 120.29260326387488
505, 504, 0, 5588.36, 168.23908701606769
506, 505, 0, 5488.56, 103.71926725541402
507, 506, 0, 5544.4, 76.93893682655094
508, 507, 0, 5601.04, 125.64059216670384
509, 508, 0, 5527.68, 159.20822089326919
510, 509, 0, 5385.68, 142.8727321779772
511, 510, 0, 5544.64, 106.72502237057624
512, 511, 0, 5641.48, 134.77896571794872
513, 512, 0, 5725.96, 160.82549051689537
514, 513, 0, 5665.52, 160.76992753621556
515, 514, 0, 5523.12, 117.13148850757425
516, 515, 0, 5766.44, 162.84006386635934
517, 516, 0, 5760.24, 172.77043265559072
518, 517, 0, 5472.48, 109.43166634937074
519, 518, 0, 5677.04, 122.74867982996801
520, 519, 0, 5657.92, 182.1216999701024
521, 520, 0, 5594.52, 131.00232669689498
522, 521, 0, 5512.88, 97.01518231699613
523, 522, 0, 5701.6, 132.3032879410032
524, 523, 0, 5784.0, 148.3549796939759
525, 524, 0, 5532.04, 121.0925200002048
526, 525, 0, 5934.88, 122.74243601949571
527, 526, 0, 5519.16, 91.41320692328871
528, 527, 0, 5689.44, 160.9961688985176
529, 528, 0, 5586.32, 56.6425423158248
530, 529, 0, 5763.32, 150.31825438049768
531, 530, 0, 5543.6, 146.26934060150813
532, 531, 0, 5880.16, 128.7098069301636
533, 532, 0, 5846.2, 121.93211225924038
534, 533, 0, 5777.76, 167.7913656896564
535, 534, 0, 5669.44, 86.64598317290883
536, 535, 0, 5472.36, 131.6251890786866
537, 536, 0, 5840.44, 159.44907149306326
538, 537, 0, 5750.56, 168.73887044780167
539, 538, 0, 5446.52, 114.27969898455278
540, 539, 0, 5488.96, 120.10611308338973
541, 540, 0, 5720.28, 110.4222876053562
542, 541, 0, 5598.96, 129.09701158431204
543, 542, 0, 5611.32, 148.03937854503442
544, 543, 0, 5808.76, 175.0024639826537
545, 544, 0, 5371.48, 129.8350091462237
546, 545, 0, 5735.8, 155.62364858850987
547, 546, 0, 5487.32, 129.13859841271312
548, 547, 0, 5915.48, 133.19463052240508
549, 548, 0, 5607.04, 117.02050418623226
550, 549, 0, 5534.52, 126.82905660770328
551, 550, 0, 5667.24, 148.5754434622357
552, 551, 0, 5854.32, 151.7729145796443
553, 552, 0, 5453.44, 96.22851136747363
554, 553, 0, 5730.68, 163.35696373280203
555, 554, 0, 5504.24, 116.6054132534163
556, 555, 0, 5760.84, 150.02711221642573
557, 556, 0, 5798.76, 101.43698733696696
558, 557, 0, 5780.2, 139.02431442017613
559, 558, 0, 5469.24, 151.59954617346318
560, 559, 0, 5591.24, 130.06991350808227
561, 560, 0, 5780.76, 130.41971630087224
562, 561, 0, 5819.16, 151.16737214094843
563, 562, 0, 5630.36, 184.87441791659546
564, 563, 0, 5472.64, 118.05791121309915
565, 564, 0, 5747.8, 150.6354539940714
566, 565, 0, 5704.72, 121.23185060040946
567, 566, 0, 5847.08, 145.72492442955667
568, 567, 0, 5903.8, 127.09398097471019
569, 568, 0, 5825.04, 134.89654702771304
570, 569, 0, 5559.2, 138.90831508588678
571, 570, 0, 5865.32, 150.8004562327316
572, 571, 0, 5856.4, 160.84153692376856
573, 572, 0, 5550.04, 106.7908160845304
574, 573, 0, 5684.84, 173.48076089295895
575, 574, 0, 5571.08, 125.59010152078069
576, 575, 0, 5908.72, 151.31913824761227
577, 576, 0, 5719.16, 160.8732867818644
578, 577, 0, 5708.24, 123.77860235113337
579, 578, 0, 5940.56, 100.20302590241474
580, 579, 0, 5625.8, 115.04816382715545
581, 580, 0, 5765.2, 115.90409828819688
582, 581, 0, 5726.92, 143.8009513181328
583, 582, 0, 5434.88, 110.23622635050604
584, 583, 0, 5853.56, 155.93539174927545
585, 584, 0, 5520.0, 104.2811584132052
586, 585, 0, 5755.64, 144.10853687412137
587, 586, 0, 5519.96, 111.43481682131488
588, 587, 0, 5713.2, 142.82044671544756
589, 588, 0, 5572.16, 116.59251433947206
590, 589, 0, 5447.72, 125.36299932595743
591, 590, 0, 5655.16, 135.9451889549608
592, 591, 0, 5855.84, 165.14155867013002
593, 592, 0, 5411.68, 110.04388942599219
594, 593, 0, 5489.76, 103.8053100761228
595, 594, 0, 5598.32, 121.9041328257578
596, 595, 0, 5771.04, 169.59633958314078
597, 596, 0, 5851.8, 158.96691479675889
598, 597, 0, 5578.44, 103.81178353154327
599, 598, 0, 5796.76, 164.3270592446661
600, 599, 0, 5828.96, 158.52052990070405
601, 600, 0, 5568.4, 136.96130840496525
602, 601, 0, 5782.24, 163.17212507042984
603, 602, 0, 5738.32, 132.6736507374392
604, 603, 0, 5622.76, 174.10187362575968
605, 604, 0, 5655.72, 175.81388341083874
606, 605, 0, 5872.72, 179.80712332941653
607, 606, 0, 5821.2, 132.18108790594817
608, 607, 0, 5851.92, 126.85989752478912
609, 608, 0, 5434.44, 170.22363643160722
610, 609, 0, 5705.0, 151.30551873609897
611, 610, 0, 5648.12, 150.18450519277943
612, 611, 0, 5775.08, 155.1491978709526
613, 612, 0, 5885.44, 136.37861415925886
614, 613, 0, 5691.4, 169.612971202087
615, 614, 0, 5608.92, 156.9086154422376
616, 615, 0, 5711.96, 168.2026111569021
617, 616, 0, 5570.68, 102.83451560638575
618, 617, 0, 5634.88, 135.53282111724818
619, 618, 0, 5837.84, 146.0664725390464
620, 619, 0, 5437.6, 129.0658746532173
621, 620, 0, 5496.84, 99.31351569650526
622, 621, 0, 5556.64, 119.55714282300326
623, 622, 0, 5713.52, 135.3307415186956
624, 623, 0, 5816.12, 172.88847734883893
625, 624, 0, 5637.32, 120.99048557634605
626, 625, 0, 5556.96, 106.16721904618204
627, 626, 0, 5755.12, 126.24019011392528
628, 627, 0, 5453.88, 114.08323978569331
629, 628, 0, 5618.96, 85.26921132507326
630, 629, 0, 5877.12, 170.40805614758943
631, 630, 0, 5459.88, 157.13874633584166
632, 631, 0, 5767.44, 143.6832850403971
633, 632, 0, 5619.64, 149.5309680300372
634, 633, 0, 5771.24, 141.82786186077826
635, 634, 0, 5384.2, 109.38007131100254
636, 635, 0, 5512.4, 119.44203615143203
637, 636, 0, 5829.24, 134.2973655735659
638, 637, 0, 5583.92, 142.58412814896334
639, 638, 0, 5607.92, 79.81223966284871
640, 639, 0, 8856.68, 211.47722714278245
641, 0, 1, 5409.88, 128.89540565900708
642, 639, 1, 5877.92, 105.53517707380796
643, 0, 2, 5405.52, 137.8228195909516
644, 639, 2, 5921.84, 105.21774755239726
645, 0, 3, 5611.24, 107.2754510594106
646, 639, 3, 6447.36, 144.0921593980741
647, 0, 4, 5634.04, 122.22781352867277
648, 639, 4, 5888.76, 140.94772931835402
649, 0, 5, 5594.84, 125.28325666265224
650, 639, 5, 5875.68, 159.7151764861436
651, 0, 6, 5485.84, 143.32248393047058
652, 639, 6, 6006.96, 158.60251700398703
653, 0, 7, 5689.2, 121.2653289279339
654, 639, 7, 6300.88, 182.06950760629852
655, 0, 8, 5469.64, 145.46556430990805
656, 639, 8, 5917.04, 138.75632742329265
657, 0, 9, 5457.84, 129.03198983197927
658, 639, 9, 5913.0, 117.10917982805617
659, 0, 10, 5917.6, 178.11569273929797
660, 109, 10, 4026.28, 67.0262754447836
661, 639, 10, 5928.32, 109.25556095686844
662, 0, 11, 5410.96, 108.23547662388707
663, 639, 11, 5874.48, 128.96856050991653
664, 0, 12, 5679.84, 105.96251412645887
665, 639, 12, 6060.8, 158.43837918888212
666, 0, 13, 5612.8, 132.7301020869042
667, 639, 13, 6166.04, 145.06453184703696
668, 0, 14, 5662.04, 123.99047705368343
669, 639, 14, 5887.56, 112.58208738516085
670, 0, 15, 5503.88, 128.97947743730396
671, 639, 15, 5964.04, 132.24718673756354
672, 0, 16, 5476.32, 152.0793792727995
673, 639, 16, 5634.92, 88.36828390321948
674, 0, 17, 5493.28, 170.2827108076448
675, 639, 17, 5999.44, 114.65603516605655
676, 0, 18, 5625.76, 126.88775512239154
677, 639, 18, 5759.16, 163.84887671265858
678, 0, 19, 5757.2, 113.07236620854806
679, 639, 19, 5936.16, 115.10332054289313
680, 0, 20, 5526.0, 137.7240719700082
681, 639, 20, 6018.32, 120.0642228142922
682, 0, 21, 5591.8, 119.5310838234139
683, 639, 21, 5872.12, 144.7779872770719
684, 0, 22, 5628.48, 132.81569786738314
685, 639, 22, 5936.4, 137.09821297157742
686, 0, 23, 5456.6, 132.46795838994424
687, 639, 23, 6004.96, 118.46838565625853
688, 0, 24, 5420.32, 141.7591534963439
689, 98, 24, 4208.2, 150.67103238512703
690, 639, 24, 5897.0, 152.1567612694224
691, 0, 25, 5475.16, 144.23250119165237
692, 639, 25, 5904.6, 134.24783052250788
693, 0, 26, 5519.96, 115.01147073227085
694, 108, 26, 4845.44, 127.0351384460221
695, 639, 26, 5910.04, 151.60883351572886
696, 0, 27, 5339.96, 135.63494534964062
697, 639, 27, 5983.28, 125.20080510923243
698, 0, 28, 5897.16, 150.38608446262572
699, 639, 28, 5986.8, 108.19168175049316
700, 0, 29, 5418.4, 119.92397591807904
701, 639, 29, 5915.84, 118.40056756620722
702, 0, 30, 5923.32, 145.83544699420642
703, 639, 30, 5856.16, 163.22075358237996
704, 0, 31, 5615.64, 111.04409214361655
705, 639, 31, 5889.76, 132.724761819338
706, 0, 32, 5285.52, 113.07276241429676
707, 639, 32, 6083.48, 119.69699077253362
708, 0, 33, 5669.72, 122.32367554974796
709, 639, 33, 6245.04, 195.51337140973246
710, 0, 34, 5648.24, 107.74832898936299
711, 639, 34, 5967.16, 120.24165002194539
712, 0, 35, 5504.0, 137.22273864050376
713, 639, 35, 5894.6, 155.0125156237392
714, 0, 36, 5649.64, 111.1009918947621
715, 639, 36, 5882.12, 127.69035045765987
716, 0, 37, 5423.8, 150.58153937319142
717, 639, 37, 5896.36, 136.5412406564405
718, 0, 38, 5612.32, 137.02225220744253
719, 639, 38, 5880.28, 118.10555279071343
720, 0, 39, 5308.16, 105.38640519535713
721, 639, 39, 6015.32, 120.97693003213462
722, 0, 40, 5637.36, 126.77156779025806
723, 639, 40, 5978.76, 136.97102759342943
724, 0, 41, 5471.68, 130.76474142520223
725, 322, 41, 10479.08, 216.12679981899518
726, 639, 41, 5953.24, 123.66900339211925
727, 0, 42, 5513.92, 179.74869568372395
728, 639, 42, 5841.8, 117.70845339226918
729, 0, 43, 5523.92, 138.07502887922928
730, 639, 43, 5804.04, 153.40599206028426
731, 0, 44, 5465.48, 148.43533811057256
732, 639, 44, 5903.72, 133.52408621668226
733, 0, 45, 5489.72, 134.0786396112371
734, 639, 45, 5981.04, 118.37887649407726
735, 0, 46, 5710.16, 115.4426888113751
736, 639, 46, 5855.28, 116.8628324147588
737, 0, 47, 5453.24, 159.9087940045825
738, 639, 47, 5854.64, 124.03737501253404
739, 0, 48, 5652.08, 116.2995855538617
740, 639, 48, 5803.88, 162.05932740820566
741, 0, 49, 5665.08, 104.23662312258585
742, 639, 49, 5877.44, 159.68821622148582
743, 0, 50, 5467.64, 138.2785247245573
744, 639, 50, 5968.28, 113.35026069665656
745, 0, 51, 5407.08, 107.52857108694415
746, 639, 51, 6098.88, 124.14969029361289
747, 0, 52, 5774.48, 117.00157947651815
748, 639, 52, 6198.24, 194.21910925550037
749, 0, 53, 5477.56, 143.6011364857535
750, 639, 53, 5920.48, 115.18302652734909
751, 0, 54, 5577.32, 134.98495323553658
752, 639, 54, 5958.56, 113.23253242774356
753, 0, 55, 5354.16, 110.84861027545631
754, 639, 55, 5888.6, 129.69410163920332
755, 0, 56, 5446.64, 137.41437479390572
756, 639, 56, 6000.36, 117.22760084553465
757, 0, 57, 5466.4, 147.2176619838802
758, 639, 57, 5902.4, 120.45580102261576
759, 0, 58, 5400.88, 144.302826029153
760, 639, 58, 5878.52, 143.84244714269846
761, 0, 59, 5550.04, 124.84341552520901
762, 639, 59, 5977.4, 104.28461056167396
763, 0, 60, 5388.12, 118.7819245508339
764, 639, 60, 6032.24, 133.24151905468506
765, 0, 61, 5508.24, 131.1210982260292
766, 639, 61, 6072.12, 132.6675001648859
767, 0, 62, 5523.76, 134.79236773645604
768, 639, 62, 6000.88, 91.48172276471405
769, 0, 63, 5371.24, 105.32208885129462
770, 639, 63, 6273.36, 177.82865460886782
771, 0, 64, 5561.0, 130.88896057345707
772, 639, 64, 5860.6, 102.27218585715278
773, 0, 65, 5969.08, 133.6640325592491
774, 639, 65, 5945.04, 124.14555328323283
775, 0, 66, 5523.12, 124.99290219848484
776, 639, 66, 5932.12, 148.01684228492377
777, 0, 67, 5505.68, 149.62612606092563
778, 639, 67, 6118.8, 136.06410253994255
779, 0, 68, 5599.32, 120.09753369657513
780, 639, 68, 5982.44, 120.70793842991438
781, 0, 69, 5506.72, 137.50186035105128
782, 639, 69, 5876.28, 113.15812653097433
783, 0, 70, 5597.36, 133.77888622648942
784, 639, 70, 5912.44, 134.02121623086398
785, 0, 71, 5479.0, 128.7400481590713
786, 639, 71, 5860.76, 108.83796396478574
787, 0, 72, 5756.64, 100.44297088397975
788, 639, 72, 5909.6, 130.44569751432968
789, 0, 73, 5401.56, 145.4249167096203
790, 639, 73, 6000.36, 103.75003807228217
791, 0, 74, 5572.16, 126.99942677035988
792, 639, 74, 6072.12, 103.77449397612112
793, 0, 75, 5394.48, 130.00034461492788
794, 639, 75, 5852.44, 168.17730643579708
795, 0, 76, 5472.8, 132.79427698511708
796, 639, 76, 5980.16, 115.93297373913941
797, 0, 77, 5473.12, 168.2800808176654
798, 639, 77, 5870.36, 101.23709991895264
799, 0, 78, 5629.28, 105.0167681848951
800, 639, 78, 6036.4, 114.68705245144282
801, 0, 79, 5362.68, 160.87279944104907
802, 639, 79, 5995.36, 162.32778690045646
803, 0, 80, 5483.04, 136.29804987599786
804, 639, 80, 5930.48, 116.78360158857923
805, 0, 81, 5410.36, 139.55210639757468
806, 639, 81, 5923.2, 130.24684257209464
807, 0, 82, 5384.56, 130.1875815890287
808, 639, 82, 6152.16, 159.89063262117637
809, 0, 83, 5381.96, 133.127752178124
810, 639, 83, 5971.12, 111.79242192563859
811, 0, 84, 5366.36, 145.07070827703294
812, 148, 84, 61.44, 109.3332813008006
813, 639, 84, 6292.12, 159.9023001710732
814, 0, 85, 5425.56, 135.43325440969068
815, 639, 85, 6002.84, 114.42156440112151
816, 0, 86, 5598.8, 111.74077143102245
817, 639, 86, 6185.72, 179.64888421585033
818, 0, 87, 5505.6, 135.85580591200363
819, 639, 87, 6073.08, 127.8533284666457
820, 0, 88, 5476.56, 144.52794331893057
821, 639, 88, 5985.64, 114.89364821433776
822, 0, 89, 5425.88, 137.90846819539402
823, 639, 89, 5904.48, 118.46252403186419
824, 0, 90, 5472.2, 142.65286537605897
825, 639, 90, 5903.52, 168.9849981507234
826, 0, 91, 5854.84, 132.0180836097843
827, 639, 91, 6368.36, 142.97520903988914
828, 0, 92, 5275.28, 84.91573234683902
829, 639, 92, 5913.0, 166.29323497965873
830, 0, 93, 5890.04, 112.88028348653275
831, 639, 93, 5879.16, 128.7070099101055
832, 0, 94, 5666.32, 104.91967213063525
833, 639, 94, 5928.4, 153.1373239938585
834, 0, 95, 5927.04, 130.7989235429711
835, 639, 95, 5919.88, 121.55075318565491
836, 0, 96, 5565.76, 127.80493887170401
837, 639, 96, 5998.04, 170.59765062860626
838, 0, 97, 5478.44, 143.2586695456858
839, 639, 97, 6287.92, 176.8820895398966
840, 0, 98, 5591.04, 115.52955639142738
841, 639, 98, 6027.32, 138.80308930279608
842, 0, 99, 5694.76, 132.52359186197754
843, 639, 99, 6082.72, 115.49944415450666
844, 0, 100, 5739.96, 121.30671209788846
845, 639, 100, 5922.92, 117.48052434339914
846, 0, 101, 5834.24, 117.3890216332004
847, 639, 101, 5986.92, 123.94544606398414
848, 0, 102, 5510.8, 130.670272059103
849, 639, 102, 5748.68, 145.60596691070046
850, 0, 103, 5565.2, 132.58205006711881
851, 639, 103, 6084.36, 130.61359194203334
852, 0, 104, 5610.88, 127.91038112678734
853, 639, 104, 6106.36, 88.37415006663431
854, 0, 105, 5449.12, 136.8290378538123
855, 639, 105, 6176.2, 206.93767177582723
856, 0, 106, 5591.48, 143.73367594269618
857, 639, 106, 6293.24, 148.42621870815145
858, 0, 107, 5539.56, 179.2453246252186
859, 639, 107, 5892.84, 119.73660426118656
860, 0, 108, 5704.8, 101.55432043985131
861, 639, 108, 6389.24, 168.51143106626327
862, 0, 109, 5474.76, 117.08263065032318
863, 639, 109, 5951.48, 139.10316171820105
864, 0, 110, 5531.88, 133.88930353093932
865, 639, 110, 5869.76, 150.33862577528103
866, 0, 111, 5554.2, 115.24200623036725
867, 639, 111, 6069.76, 172.6701549197197
868, 0, 112, 5447.0, 153.92855485581615
869, 639, 112, 5530.64, 114.57290430114794
870, 0, 113, 5380.04, 129.12241633426785
871, 639, 113, 5935.6, 100.45058486639088
872, 0, 114, 5677.6, 105.97395906542323
873, 639, 114, 5963.84, 105.32148118973639
874, 0, 115, 5603.2, 141.9859147943908
875, 639, 115, 5886.04, 165.63924172731538
876, 0, 116, 5441.12, 122.4337600500777
877, 639, 116, 6032.44, 126.11267343134074
878, 0, 117, 5787.16, 97.02151513968434
879, 639, 117, 5939.32, 116.36656564494803
880, 0, 118, 5459.88, 156.87251384484154
881, 639, 118, 5929.88, 118.03806843556872
882, 0, 119, 5869.8, 130.91279540213017
883, 639, 119, 5966.64, 108.43537430193156
884, 0, 120, 5367.48, 135.91088845269167
885, 639, 120, 5898.4, 168.52940396263202
886, 0, 121, 5381.08, 140.77412262202168
887, 639, 121, 5915.32, 140.90187223738369
888, 0, 122, 5599.76, 123.78280332905697
889, 639, 122, 6100.36, 135.92111830028475
890, 0, 123, 5582.2, 112.65806673292421
891, 639, 123, 6102.36, 146.2288288949891
892, 0, 124, 5670.32, 107.42912826603404
893, 639, 124, 5965.32, 141.99147016634484
894, 0, 125, 5769.48, 101.44441630765094
895, 639, 125, 6008.16, 109.24785764489843
896, 0, 126, 5514.64, 113.48828309565707
897, 639, 126, 5944.72, 164.3022872634462
898, 0, 127, 5774.56, 105.52689894050712
899, 639, 127, 5939.16, 141.6945108322831
900, 0, 128, 5613.68, 110.6900971180349
901, 639, 128, 5886.6, 150.92567707318725
902, 0, 129, 5482.36, 138.6508939747595
903, 639, 129, 5805.72, 148.31035567349977
904, 0, 130, 5681.08, 118.31784987904403
905, 639, 130, 6248.68, 157.96904000467939
906, 0, 131, 5681.44, 103.81448068549977
907, 639, 131, 6153.48, 160.2658092045836
908, 0, 132, 5595.76, 125.82345727248159
909, 639, 132, 6201.84, 161.7068161828684
910, 0, 133, 5481.56, 158.09442241900882
911, 639, 133, 5909.92, 111.07472079640803
912, 0, 134, 5685.2, 97.40225870070981
913, 639, 134, 6069.32, 132.51014149867925
914, 0, 135, 5662.48, 115.21045785865101
915, 639, 135, 6089.2, 166.47185948381787
916, 0, 136, 5806.16, 107.92726439598106
917, 639, 136, 5776.64, 73.30314045114301
918, 0, 137, 5533.88, 121.81603178563977
919, 639, 137, 5888.08, 99.58631231248599
920, 0, 138, 5612.48, 128.91582369903236
921, 639, 138, 6145.84, 121.84471428831041
922, 0, 139, 5541.56, 127.22832389055515
923, 639, 139, 5890.52, 104.5007636335735
924, 0, 140, 5754.4, 95.02799587489993
925, 639, 140, 5759.0, 152.59646129579806
926, 0, 141, 5752.88, 107.40998836234924
927, 639, 141, 5922.0, 161.69502156838348
928, 0, 142, 5623.2, 143.26283537610163
929, 639, 142, 6281.12, 178.5997357220889
930, 0, 143, 5731.68, 115.09985925273757
931, 639, 143, 6158.84, 153.5129128119195
932, 0, 144, 5813.88, 106.39410509985974
933, 639, 144, 6049.0, 133.43402864337116
934, 0, 145, 5902.64, 162.7294392542419
935, 639, 145, 5897.96, 156.3512660645893
936, 0, 146, 5557.92, 117.50673853017963
937, 639, 146, 5937.04, 137.14152689831042
938, 0, 147, 5524.56, 133.09668064981935
939, 639, 147, 6069.68, 151.5025333121529
940, 0, 148, 5534.84, 148.8009892440235
941, 639, 148, 6023.52, 122.00790794042817
942, 0, 149, 5597.76, 134.87899169255383
943, 639, 149, 5989.76, 146.78263657531159
944, 0, 150, 5688.52, 120.67514077058287
945, 639, 150, 5877.28, 135.8547812923785
946, 0, 151, 5467.36, 162.45340993651072
947, 639, 151, 6317.2, 122.88140624195347
948, 0, 152, 5835.96, 153.94582943360305
949, 639, 152, 5940.36, 112.8825513531653
950, 0, 153, 5561.76, 157.55996445798024
951, 639, 153, 5902.92, 153.47414635696788
952, 0, 154, 5808.84, 107.07219246844626
953, 639, 154, 6089.72, 151.99671575399253
954, 0, 155, 5486.32, 138.01528031344935
955, 639, 155, 5981.76, 109.87093519216083
956, 0, 156, 5538.76, 132.2008411470971
957, 639, 156, 5988.32, 109.01696014840992
958, 0, 157, 5429.16, 146.48131075328345
959, 639, 157, 6033.88, 105.19137607237583
960, 0, 158, 5676.44, 112.00502845854734
961, 639, 158, 5924.56, 131.35816076666117
962, 0, 159, 5629.76, 123.24553703887213
963, 639, 159, 6063.72, 139.97443195098165
964, 0, 160, 5623.8, 124.54685865167374
965, 639, 160, 6100.8, 132.75481158888365
966, 0, 161, 5879.64, 110.77359974289901
967, 639, 161, 6159.52, 129.98157407879006
968, 0, 162, 5569.32, 125.47468908110513
969, 639, 162, 6562.2, 126.38101123190937
970, 0, 163, 5742.32, 113.69387670406881
971, 639, 163, 6278.8, 96.5683177859074
972, 0, 164, 5954.04, 128.63606959169735
973, 639, 164, 6600.04, 142.2345893234132
974, 0, 165, 5626.84, 101.97241980065
975, 639, 165, 5981.2, 122.20801937679869
976, 0, 166, 5723.28, 99.95819926349215
977, 639, 166, 6461.96, 135.9621947454512
978, 0, 167, 5520.32, 136.24205518121047
979, 639, 167, 6086.68, 92.75374709412014
980, 0, 168, 5543.44, 121.23203537019413
981, 639, 168, 5921.56, 120.6877226564492
982, 0, 169, 5485.0, 172.2642156688382
983, 639, 169, 6243.44, 164.02587113013607
984, 0, 170, 5510.52, 135.32305642424723
985, 639, 170, 5859.48, 131.63285911959824
986, 0, 171, 5583.72, 124.06402218209755
987, 639, 171, 5862.08, 129.79427414181256
988, 0, 172, 5441.08, 148.359811269764
989, 639, 172, 6113.6, 171.94720119850743
990, 0, 173, 5646.36, 114.22149710102734
991, 639, 173, 6112.56, 140.55833806644128
992, 0, 174, 5658.4, 116.89653544908849
993, 639, 174, 6047.44, 114.24222686905223
994, 0, 175, 5639.2, 104.1740850691764
995, 639, 175, 5910.96, 127.75554156278311
996, 0, 176, 5731.96, 111.6381583509868
997, 639, 176, 5953.92, 141.00125389513383
998, 0, 177, 5566.68, 135.16292982915098
999, 639, 177, 6002.44, 118.01358565860119
1000, 0, 178, 5413.72, 145.65315513232107
1001, 639, 178, 6016.08, 125.55729210205196
1002, 0, 179, 5727.56, 99.82147263990849
1003, 639, 179, 6072.96, 139.0017208526571
1004, 0, 180, 5578.96, 121.69814460376955
1005, 639, 180, 5869.04, 158.61890933933446
1006, 0, 181, 5521.8, 143.60640654232665
1007, 639, 181, 5968.12, 114.95262328455146
1008, 0, 182, 5836.04, 166.51906317295928
1009, 639, 182, 5938.2, 124.1289651934632
1010, 0, 183, 5733.96, 93.00429237406195
1011, 639, 183, 5899.76, 147.7130407242367
1012, 0, 184, 5415.36, 160.2602583300052
1013, 639, 184, 6085.44, 181.09910656875147
1014, 0, 185, 5382.28, 110.90988053370175
1015, 639, 185, 5874.24, 127.70975843685558
1016, 0, 186, 5700.56, 107.65652047135838
1017, 639, 186, 6017.68, 122.28776553686797
1018, 0, 187, 5527.52, 184.88312416226637
1019, 639, 187, 5806.56, 166.4973465254026
1020, 0, 188, 5600.92, 111.9156539542168
1021, 639, 188, 5911.04, 121.58272245677016
1022, 0, 189, 5410.24, 150.6241096239244
1023, 639, 189, 5810.2, 152.4440881110186
1024, 0, 190, 5569.36, 171.80777165192498
1025, 639, 190, 5889.8, 175.23173228613587
1026, 0, 191, 5693.0, 113.718951806636
1027, 639, 191, 5970.36, 137.06462125581496
1028, 0, 192, 5450.4, 189.94546585796672
1029, 639, 192, 5944.32, 97.58594980836122
1030, 0, 193, 5482.2, 146.5455560568112
1031, 639, 193, 6148.4, 156.06434570394353
1032, 0, 194, 5594.76, 128.1471903710729
1033, 639, 194, 5964.76, 130.2377149676698
1034, 0, 195, 5800.4, 112.08496776999131
1035, 639, 195, 5912.48, 175.59478807755087
1036, 0, 196, 5517.48, 149.65777494002774
1037, 639, 196, 5794.72, 145.00138482097336
1038, 0, 197, 5737.88, 117.22263262698038
1039, 639, 197, 6403.4, 176.8411716767337
1040, 0, 198, 5733.6, 108.5235458322294
1041, 639, 198, 6075.32, 148.05504922156487
1042, 0, 199, 5747.6, 127.26382046756255
1043, 639, 199, 6299.64, 159.53654879055142
1044, 0, 200, 5614.56, 128.18364326231332
1045, 639, 200, 6129.52, 135.3992968962542
1046, 0, 201, 5763.2, 79.66178506661774
1047, 639, 201, 5989.64, 97.41658175074714
1048, 0, 202, 5680.56, 111.26979104860402
1049, 639, 202, 5891.96, 119.41573765630727
1050, 0, 203, 5437.12, 133.48297869016858
1051, 639, 203, 6274.36, 105.79409435313487
1052, 0, 204, 5817.48, 112.34700530054194
1053, 639, 204, 6039.88, 95.05422452474167
1054, 0, 205, 5615.6, 118.1338224218619
1055, 639, 205, 6268.32, 211.71069316404405
1056, 0, 206, 5603.64, 117.31594265060481
1057, 639, 206, 6006.0, 129.6216031377486
1058, 0, 207, 5653.0, 120.49298734781208
1059, 639, 207, 6019.36, 136.97120281285405
1060, 0, 208, 5537.32, 139.20193102108894
1061, 639, 208, 6081.88, 112.06723696067463
1062, 0, 209, 5842.0, 118.675355487144
1063, 639, 209, 5945.92, 111.08516372585497
1064, 0, 210, 5569.72, 135.83093020369105
1065, 639, 210, 5962.6, 130.0067690545381
1066, 0, 211, 5979.32, 175.0967092780444
1067, 639, 211, 5819.36, 116.35115126203094
1068, 0, 212, 5756.68, 96.17971511706612
1069, 639, 212, 5888.04, 142.35630790379466
1070, 0, 213, 5746.08, 111.00988064131955
1071, 639, 213, 5845.32, 160.2472389777746
1072, 0, 214, 5633.52, 105.41844999809092
1073, 639, 214, 6002.72, 124.36254098401173
1074, 0, 215, 5638.24, 114.71853555550646
1075, 639, 215, 5853.76, 150.59037950679317
1076, 0, 216, 5386.52, 109.9265645783584
1077, 639, 216, 5907.8, 167.20598075427804
1078, 0, 217, 5422.84, 182.48587452183799
1079, 639, 217, 5942.6, 119.87393378045118
1080, 0, 218, 5623.16, 124.77361259497137
1081, 639, 218, 5990.24, 113.87019978905803
1082, 0, 219, 5451.0, 145.73071055889352
1083, 639, 219, 5942.44, 131.5498627897422
1084, 0, 220, 5904.48, 169.6846769746756
1085, 639, 220, 6156.2, 148.0078376303093
1086, 0, 221, 5678.24, 93.74871945792111
1087, 639, 221, 5863.56, 132.38521971881906
1088, 0, 222, 5653.04, 114.62651700195727
1089, 639, 222, 5880.76, 164.53480604419235
1090, 0, 223, 5815.8, 127.8517891935815
1091, 639, 223, 6070.28, 119.8717714893711
1092, 0, 224, 5640.2, 103.81290863856961
1093, 639, 224, 6117.04, 122.65283690155722
1094, 0, 225, 5514.76, 151.46465726366662
1095, 639, 225, 6199.16, 173.181218381209
1096, 0, 226, 5648.96, 113.7852292698837
1097, 639, 226, 5888.0, 137.0185388916405
1098, 0, 227, 5475.28, 170.17532606109503
1099, 639, 227, 5996.8, 106.07469066652989
1100, 0, 228, 5871.72, 178.42500273224042
1101, 639, 228, 5953.6, 151.87968922802023
1102, 0, 229, 5546.24, 115.79819687715347
1103, 639, 229, 5861.4, 121.83628359400987
1104, 0, 230, 5384.28, 123.80323743747577
1105, 639, 230, 5960.08, 117.72745474187403
1106, 0, 231, 5485.52, 123.54468665223932
1107, 639, 231, 6130.36, 144.16931157496728
1108, 0, 232, 5587.4, 123.50287446047561
1109, 639, 232, 5912.32, 142.09481904700112
1110, 0, 233, 5571.68, 123.66526432268684
1111, 639, 233, 5954.36, 105.557900699095
1112, 0, 234, 5608.84, 112.65617781551082
1113, 639, 234, 6032.56, 118.67302305073383
1114, 0, 235, 5327.16, 114.39044715359756
1115, 639, 235, 5956.88, 124.48239072254356
1116, 0, 236, 5442.2, 119.79983305497551
1117, 639, 236, 5898.68, 170.81866876896098
1118, 0, 237, 5440.0, 143.01692207567606
1119, 639, 237, 5875.44, 119.22083039469234
1120, 0, 238, 5519.88, 132.79105994004266
1121, 639, 238, 5879.04, 111.02269317576473
1122, 0, 239, 5386.56, 124.48681215293448
1123, 639, 239, 5687.44, 155.69048268921256
1124, 0, 240, 5489.28, 145.23457439604388
1125, 639, 240, 5909.2, 162.68152937564852
1126, 0, 241, 5367.16, 146.7470422189149
1127, 639, 241, 5980.2, 130.0058460224001
1128, 0, 242, 5605.64, 110.4401666061764
1129, 639, 242, 6141.56, 147.96271962896603
1130, 0, 243, 5360.84, 104.37803600374934
1131, 639, 243, 5885.2, 146.06354781395666
1132, 0, 244, 5380.92, 147.15241622209268
1133, 639, 244, 6122.56, 175.42247974532793
1134, 0, 245, 5363.44, 99.01639460210615
1135, 639, 245, 5969.12, 115.57415628071875
1136, 0, 246, 5799.2, 106.40150374877226
1137, 639, 246, 5876.0, 125.86659604517793
1138, 0, 247, 5415.88, 143.04497754203047
1139, 639, 247, 6253.8, 147.79120406844245
1140, 0, 248, 5701.24, 99.71971921340332
1141, 639, 248, 5901.96, 117.0741576950268
1142, 0, 249, 5810.96, 121.87353445272687
1143, 639, 249, 6097.76, 118.40313509362834
1144, 0, 250, 5808.96, 130.38910383923957
1145, 639, 250, 6233.24, 145.19842423387382
1146, 0, 251, 5636.0, 102.75563244902928
1147, 639, 251, 5933.0, 129.50613885063518
1148, 0, 252, 5569.72, 174.71291194413766
1149, 639, 252, 5938.2, 132.99533826416624
1150, 0, 253, 5772.12, 111.65601461632059
1151, 639, 253, 5804.08, 130.45395202905888
1152, 0, 254, 5621.08, 123.95351386709454
1153, 520, 254, 3780.8, 119.07275087105363
1154, 639, 254, 6317.24, 152.96516727673654
1155, 0, 255, 5609.16, 119.44326854201537
1156, 639, 255, 5940.68, 119.6447140495559
1157, 0, 256, 5869.48, 126.32343250561235
1158, 639, 256, 5915.24, 122.53400507614202
1159, 0, 257, 5548.28, 126.4251620524965
1160, 639, 257, 5905.12, 126.87704914601379
1161, 0, 258, 5585.96, 170.47310169055993
1162, 639, 258, 6043.64, 112.28245811345597
1163, 0, 259, 5491.08, 164.6156541766305
1164, 639, 259, 5886.92, 133.43970023947148
1165, 0, 260, 5481.0, 144.87732741875107
1166, 639, 260, 5988.88, 118.91789436413679
1167, 0, 261, 5312.96, 77.40515745090892
1168, 639, 261, 5918.72, 112.13474751387278
1169, 0, 262, 5620.0, 106.18173100868152
1170, 639, 262, 5921.0, 125.62229101556777
1171, 0, 263, 5395.88, 125.42609616822169
1172, 639, 263, 5956.48, 112.6332526388189
1173, 0, 264, 5499.56, 143.86718319338848
1174, 639, 264, 5712.48, 125.65416666390333
1175, 0, 265, 5568.68, 140.91464650631602
1176, 639, 265, 5995.44, 115.35721217158465
1177, 0, 266, 5446.52, 125.06002398848322
1178, 639, 266, 5935.72, 132.6835392955735
1179, 0, 267, 5481.08, 128.02559744051186
1180, 639, 267, 5776.68, 144.6940828092151
1181, 0, 268, 5457.88, 152.24909063767834
1182, 639, 268, 5886.28, 105.21008316696647
1183, 0, 269, 5406.76, 145.73572794616973
1184, 639, 269, 5913.28, 105.56534279771938
1185, 0, 270, 5472.36, 136.58195488423792
1186, 639, 270, 6380.24, 151.3399563895801
1187, 0, 271, 5697.84, 128.7601429014429
1188, 639, 271, 5892.16, 113.93425472613579
1189, 0, 272, 5671.24, 97.7753670409884
1190, 639, 272, 5969.6, 108.96751809599041
1191, 0, 273, 5573.2, 119.96366116453767
1192, 639, 273, 5952.28, 122.51971922919184
1193, 0, 274, 5451.28, 175.4237201748954
1194, 639, 274, 5943.96, 138.46284122464047
1195, 0, 275, 5458.0, 134.7168883251094
1196, 639, 275, 5972.16, 132.51677025946563
1197, 0, 276, 5376.4, 125.90663207313584
1198, 639, 276, 5951.96, 170.2970299212526
1199, 0, 277, 5585.64, 124.1566365523809
1200, 639, 277, 5876.04, 140.20056490613723
1201, 0, 278, 5583.84, 133.85773941016632
1202, 639, 278, 5858.88, 178.23250433071965
1203, 0, 279, 5505.72, 129.6498422675477
1204, 639, 279, 5772.08, 165.41751297852352
1205, 0, 280, 5635.52, 140.43250905684198
1206, 639, 280, 5922.8, 121.65656579075376
1207, 0, 281, 5578.88, 118.33184524885935
1208, 639, 281, 5922.64, 128.28932301637576
1209, 0, 282, 5580.8, 125.93712717066401
1210, 639, 282, 5921.12, 124.00978025946179
1211, 0, 283, 5448.88, 139.49489453023006
1212, 639, 283, 5931.24, 107.88114941916405
1213, 0, 284, 5494.44, 118.15213243949513
1214, 639, 284, 6022.72, 128.95069445334525
1215, 0, 285, 5472.76, 124.49008956539473
1216, 639, 285, 5877.4, 107.4854408745668
1217, 0, 286, 5586.72, 139.5069948067121
1218, 639, 286, 6165.48, 168.98807531894073
1219, 0, 287, 5567.8, 169.91244804310247
1220, 639, 287, 5924.68, 144.7352672986097
1221, 0, 288, 5389.52, 130.7914737282213
1222, 639, 288, 5899.4, 129.73881454676544
1223, 0, 289, 5580.76, 120.43497166521026
1224, 639, 289, 5965.56, 118.59918380832137
1225, 0, 290, 5424.4, 141.01319087234359
1226, 639, 290, 6061.68, 138.62084114591138
1227, 0, 291, 5327.56, 100.47888534413585
1228, 639, 291, 5893.64, 156.48613484906576
1229, 0, 292, 5624.56, 113.89085301287369
1230, 639, 292, 6088.8, 165.90213982947898
1231, 0, 293, 5601.92, 134.89638097443532
1232, 639, 293, 5983.04, 128.6970022960908
1233, 0, 294, 5502.32, 143.76500826000742
1234, 639, 294, 6073.8, 136.08232802241446
1235, 0, 295, 5405.2, 137.28801841384413
1236, 639, 295, 6020.48, 113.54263340261224
1237, 0, 296, 5572.04, 128.3322188696198
1238, 639, 296, 6023.68, 137.5882901994207
1239, 0, 297, 5413.24, 130.1390886705451
1240, 639, 297, 6002.92, 125.698343664505
1241, 0, 298, 5595.88, 126.25793282008064
1242, 639, 298, 5980.64, 117.80929674690366
1243, 0, 299, 5506.52, 135.63395445094122
1244, 639, 299, 5890.16, 143.0112387192
1245, 0, 300, 5466.48, 132.25675634915595
1246, 639, 300, 5894.2, 176.82963552527048
1247, 0, 301, 5478.16, 149.61274811993795
1248, 639, 301, 5854.32, 136.5423655866559
1249, 0, 302, 5509.32, 136.71977764756642
1250, 639, 302, 6383.92, 160.63721113116975
1251, 0, 303, 5486.12, 121.62214272080558
1252, 639, 303, 5976.08, 132.01179341255843
1253, 0, 304, 5585.52, 156.13074521054457
1254, 639, 304, 6080.52, 123.94841507659545
1255, 0, 305, 5616.72, 129.20604320232084
1256, 639, 305, 5890.12, 146.56474883136124
1257, 0, 306, 5766.08, 105.09040679338908
1258, 639, 306, 5986.56, 112.74114776779595
1259, 0, 307, 5410.68, 130.42813193479384
1260, 639, 307, 5985.04, 115.10394606615361
1261, 0, 308, 5569.68, 141.9951323109352
1262, 639, 308, 6010.32, 119.19050968932048
1263, 0, 309, 5781.64, 121.1999603960331
1264, 639, 309, 6041.72, 142.0167652074923
1265, 0, 310, 5376.76, 168.62580585426417
1266, 639, 310, 5855.96, 133.88247980971965
1267, 0, 311, 5776.0, 116.7198355036538
1268, 639, 311, 5946.6, 111.14818936896813
1269, 0, 312, 5736.2, 90.33758907564447
1270, 216, 312, 7513.48, 149.2380970127936
1271, 639, 312, 5923.0, 117.78930341928337
1272, 0, 313, 5619.92, 119.63140724742814
1273, 639, 313, 5928.72, 122.00541627321306
1274, 0, 314, 5813.56, 126.23441052264631
1275, 639, 314, 5990.96, 102.02018623782257
1276, 0, 315, 5624.08, 125.21115605248598
1277, 639, 315, 5896.72, 137.6303803671268
1278, 0, 316, 5781.56, 84.22639966186374
1279, 639, 316, 6401.4, 103.31311630185202
1280, 0, 317, 5607.08, 104.2281804503945
1281, 639, 317, 5969.64, 96.43894648947591
1282, 0, 318, 5572.56, 125.74516451935636
1283, 639, 318, 5902.68, 145.23765902822862
1284, 0, 319, 5803.72, 121.9854155216926
1285, 639, 319, 5931.68, 121.34569460842029
1286, 0, 320, 5649.76, 100.04090363446343
1287, 639, 320, 5949.08, 104.42372144297482
1288, 0, 321, 5467.72, 129.66742690436948
1289, 639, 321, 6436.0, 82.13549780697747
1290, 0, 322, 5549.08, 142.2290884453669
1291, 639, 322, 5991.52, 133.31890188566658
1292, 0, 323, 5627.04, 113.59101372907985
1293, 639, 323, 5841.72, 131.79757812645875
1294, 0, 324, 5689.96, 123.20275321598946
1295, 639, 324, 6224.76, 150.9101136438509
1296, 0, 325, 5642.84, 115.34875118526425
1297, 639, 325, 5911.68, 119.73528135015177
1298, 0, 326, 5572.04, 106.38062981577052
1299, 639, 326, 5905.32, 142.82652974850296
1300, 0, 327, 5490.64, 123.9438195312699
1301, 639, 327, 6316.12, 115.91663211118585
1302, 0, 328, 5633.2, 132.88942772094398
1303, 639, 328, 5930.64, 158.16823448467773
1304, 0, 329, 5615.64, 114.5355420819232
1305, 639, 329, 5924.44, 113.97511307298625
1306, 0, 330, 5569.52, 119.98003833971714
1307, 639, 330, 6228.52, 156.25111071605215
1308, 0, 331, 5670.76, 106.77276057122432
1309, 639, 331, 5899.0, 89.91774018512699
1310, 0, 332, 5803.64, 147.91967549991446
1311, 639, 332, 6251.04, 127.7574201367576
1312, 0, 333, 5548.76, 128.9807055338123
1313, 639, 333, 5891.56, 120.81062204955323
1314, 0, 334, 5687.6, 105.48933595392472
1315, 639, 334, 5965.4, 115.66295863412797
1316, 0, 335, 5238.08, 97.5958687650251
1317, 639, 335, 5914.8, 115.76735291091353
1318, 0, 336, 5646.16, 112.77222353044206
1319, 639, 336, 5939.84, 105.28235559674752
1320, 0, 337, 5635.28, 163.34026325434888
1321, 639, 337, 5878.44, 128.14369434349862
1322, 0, 338, 5655.08, 117.22522595414351
1323, 639, 338, 6006.84, 109.98170029600377
1324, 0, 339, 5745.0, 95.48821916864928
1325, 639, 339, 6036.24, 151.94216794557065
1326, 0, 340, 5560.4, 133.01398422722326
1327, 639, 340, 5959.08, 127.8955573896138
1328, 0, 341, 5734.12, 98.39037351285948
1329, 639, 341, 5896.36, 113.31685841038835
1330, 0, 342, 5568.2, 126.85992274946409
1331, 639, 342, 5860.12, 118.79674069603088
1332, 0, 343, 5637.6, 111.00558544505768
1333, 639, 343, 5836.72, 109.50854578524913
1334, 0, 344, 5754.48, 103.90230796281669
1335, 639, 344, 5983.48, 120.86889426150964
1336, 0, 345, 5636.12, 124.30134995244423
1337, 639, 345, 6063.68, 121.32129903689622
1338, 0, 346, 5660.2, 121.29830996349456
1339, 639, 346, 5881.28, 185.56088380906144
1340, 0, 347, 5618.24, 114.881601660144
1341, 639, 347, 6070.52, 164.78012501512433
1342, 0, 348, 5638.96, 122.98340701086468
1343, 639, 348, 5988.76, 109.42441409484447
1344, 0, 349, 5570.28, 143.68006681512924
1345, 639, 349, 5905.68, 141.03324998027946
1346, 0, 350, 5461.28, 125.22029228523625
1347, 639, 350, 6277.08, 166.54126695807258
1348, 0, 351, 5859.88, 94.5885067013958
1349, 639, 351, 5940.92, 125.98854551109001
1350, 0, 352, 5503.96, 141.96491961044464
1351, 639, 352, 5975.28, 94.71790538224545
1352, 0, 353, 5621.36, 131.03156260993
1353, 639, 353, 5761.92, 164.41141566205187
1354, 0, 354, 5918.48, 149.892526831727
1355, 639, 354, 5848.24, 142.06654215542798
1356, 0, 355, 5570.76, 135.81642905039138
1357, 639, 355, 6101.96, 158.28012635830186
1358, 0, 356, 5604.96, 110.58552527342808
1359, 639, 356, 6058.4, 166.19217791460588
1360, 0, 357, 5665.8, 108.16949662451057
1361, 639, 357, 6097.16, 160.15034935959392
1362, 0, 358, 5626.72, 127.88323424124054
1363, 639, 358, 6348.28, 127.82598170951005
1364, 0, 359, 5604.68, 128.07426595534326
1365, 639, 359, 5827.56, 165.69395402367584
1366, 0, 360, 5472.64, 161.4231408441801
1367, 639, 360, 6076.64, 138.9972316271083
1368, 0, 361, 5474.52, 148.05596779596559
1369, 639, 361, 5799.04, 112.30012644694575
1370, 0, 362, 5685.76, 112.20491254842631
1371, 639, 362, 5821.04, 109.03044712372781
1372, 0, 363, 5715.44, 102.88676494088052
1373, 639, 363, 6107.24, 156.4366402093832
1374, 0, 364, 5917.88, 167.14169318276035
1375, 639, 364, 5944.68, 105.75962178449767
1376, 0, 365, 5830.96, 110.73192132352803
1377, 639, 365, 5980.72, 137.2074400315085
1378, 0, 366, 5675.32, 95.73326276691921
1379, 639, 366, 6217.88, 233.46679763940736
1380, 0, 367, 5472.96, 149.44791199611993
1381, 639, 367, 6006.6, 104.59674947148216
1382, 0, 368, 5768.36, 98.78294589654634
1383, 639, 368, 6123.56, 208.01289960000076
1384, 0, 369, 5378.92, 146.7588280138541
1385, 639, 369, 5906.72, 121.90045775139647
1386, 0, 370, 5678.28, 112.6919766443024
1387, 639, 370, 5892.08, 115.86920902465852
1388, 0, 371, 5463.44, 125.76138676080191
1389, 639, 371, 5941.2, 123.33790982500068
1390, 0, 372, 5376.16, 132.8462810920953
1391, 639, 372, 6081.48, 120.98202180489463
1392, 0, 373, 5548.88, 136.7863501962093
1393, 639, 373, 6224.44, 145.49888796825906
1394, 0, 374, 5615.08, 134.7922609054392
1395, 639, 374, 5892.6, 103.59845558694396
1396, 0, 375, 5407.04, 142.1296534858226
1397, 639, 375, 6011.52, 125.992736298566
1398, 0, 376, 5812.44, 103.46828692889429
1399, 639, 376, 5996.72, 121.5281103284339
1400, 0, 377, 5494.6, 183.91389289556128
1401, 639, 377, 5864.76, 120.28276019446841
1402, 0, 378, 5446.64, 110.93633489529027
1403, 639, 378, 6350.32, 152.99325998226195
1404, 0, 379, 5482.48, 165.72124064223027
1405, 639, 379, 6025.6, 133.685302109095
1406, 0, 380, 5753.6, 87.40114415727062
1407, 639, 380, 6041.6, 116.13061611823127
1408, 0, 381, 5580.4, 123.66503143572965
1409, 639, 381, 6314.6, 176.63476441516264
1410, 0, 382, 5537.88, 147.13893298512124
1411, 639, 382, 6036.4, 166.28601865460607
1412, 0, 383, 5756.64, 109.49881460545586
1413, 639, 383, 5914.6, 131.2301794557944
1414, 0, 384, 5532.4, 124.66402849258482
1415, 639, 384, 6028.8, 124.4
1416, 0, 385, 5428.92, 167.55534488639864
1417, 639, 385, 6085.32, 122.53545446114768
1418, 0, 386, 5624.0, 83.7204873373298
1419, 639, 386, 6198.24, 163.2476107022703
1420, 0, 387, 5638.4, 142.75461463644527
1421, 639, 387, 6017.04, 109.96453246388126
1422, 0, 388, 5503.88, 138.34025299962408
1423, 639, 388, 5919.8, 122.72375483173582
1424, 0, 389, 5405.84, 129.95927977639764
1425, 639, 389, 5782.96, 137.2698014859787
1426, 0, 390, 5598.44, 116.01933631942566
1427, 639, 390, 5925.16, 98.02109160787793
1428, 0, 391, 5497.56, 148.75297106276568
1429, 639, 391, 5970.44, 137.1510349942719
1430, 0, 392, 5485.76, 176.825627101956
1431, 639, 392, 6046.36, 112.8556174942125
1432, 0, 393, 5764.96, 105.00837299948991
1433, 639, 393, 6025.2, 112.79255294566214
1434, 0, 394, 5440.8, 171.457983191218
1435, 639, 394, 5895.88, 137.05307585019753
1436, 0, 395, 5530.6, 123.27140787709047
1437, 639, 395, 5898.44, 147.39717229309386
1438, 0, 396, 5473.36, 108.79333803133349
1439, 639, 396, 6058.6, 138.81325585116141
1440, 0, 397, 5475.64, 163.97777410368758
1441, 639, 397, 5994.04, 125.83369342111835
1442, 0, 398, 5327.08, 107.60666150383072
1443, 639, 398, 5982.04, 131.6153425706897
1444, 0, 399, 5713.96, 104.52845736927338
1445, 639, 399, 5841.56, 140.71505392103575
1446, 0, 400, 5622.56, 127.64641162210556
1447, 639, 400, 5937.36, 130.12974448603214
1448, 0, 401, 5616.2, 95.08143877750275
1449, 639, 401, 6152.56, 179.0564335621594
1450, 0, 402, 5423.88, 164.51731094325604
1451, 639, 402, 5959.48, 122.80622785510516
1452, 0, 403, 5516.96, 151.10221176409036
1453, 639, 403, 5895.28, 156.9011204548903
1454, 0, 404, 5692.48, 111.42463641403548
1455, 639, 404, 5969.4, 133.76606445582524
1456, 0, 405, 5507.96, 130.97556413316187
1457, 639, 405, 6099.88, 156.1036373695373
1458, 0, 406, 5494.0, 139.84620123550013
1459, 639, 406, 5941.24, 117.61982145880003
1460, 0, 407, 5542.16, 132.8589266854132
1461, 639, 407, 6131.2, 177.3608750542238
1462, 0, 408, 5590.68, 88.75707070425432
1463, 639, 408, 6043.72, 79.78246423870347
1464, 0, 409, 5501.16, 110.5562951622385
1465, 639, 409, 6086.48, 78.16245646088663
1466, 0, 410, 5523.92, 108.3597416017591
1467, 639, 410, 5938.68, 69.6498212488733
1468, 0, 411, 5559.2, 107.84284862706475
1469, 639, 411, 6049.12, 50.13367730378454
1470, 0, 412, 5577.48, 124.84426138193136
1471, 639, 412, 5908.6, 101.21146180151733
1472, 0, 413, 5594.76, 79.11069712750607
1473, 639, 413, 5997.32, 64.76216179220705
1474, 0, 414, 5483.28, 127.65939683391896
1475, 639, 414, 5925.44, 70.17753486693587
1476, 0, 415, 5271.36, 51.154573598066484
1477, 639, 415, 5777.36, 88.98443908909017
1478, 0, 416, 5409.88, 98.41191797744825
1479, 639, 416, 5864.04, 99.54917578764778
1480, 0, 417, 5380.72, 105.13782192912313
1481, 639, 417, 5854.12, 123.01652571910816
1482, 0, 418, 5527.04, 117.71779134863175
1483, 639, 418, 5916.88, 106.96142108255667
1484, 0, 419, 5449.12, 95.01886970491704
1485, 639, 419, 5929.8, 89.32905462390163
1486, 0, 420, 5449.12, 96.72200163354768
1487, 639, 420, 5950.08, 78.71869917624402
1488, 0, 421, 5468.76, 106.42867282833139
1489, 639, 421, 5903.96, 69.25054801227208
1490, 0, 422, 5479.16, 101.69982497526728
1491, 639, 422, 5978.04, 51.484739486570206
1492, 0, 423, 5548.16, 71.32835621265922
1493, 639, 423, 5969.52, 74.56332610606906
1494, 0, 424, 5481.72, 133.9270010117452
1495, 639, 424, 5948.28, 70.7539511264212
1496, 0, 425, 5521.76, 105.44393012402375
1497, 639, 425, 5965.36, 74.68219600413474
1498, 0, 426, 5416.6, 95.36708027406523
1499, 639, 426, 5997.8, 69.96856437000834
1500, 0, 427, 5462.04, 108.32413581469274
1501, 639, 427, 5870.96, 93.11518887915116
1502, 0, 428, 5432.56, 85.65002276707229
1503, 639, 428, 5976.32, 49.33130446278509
1504, 0, 429, 5563.96, 131.41551810954442
1505, 639, 429, 6138.32, 97.56217299753014
1506, 0, 430, 5641.0, 36.699863759965105
1507, 639, 430, 6001.52, 88.4385074500921
1508, 0, 431, 5478.6, 100.78531639083144
1509, 639, 431, 5921.2, 80.23365877236311
1510, 0, 432, 5082.52, 105.3467113867348
1511, 639, 432, 5909.36, 68.30688398690134
1512, 0, 433, 5723.68, 46.6156368614653
1513, 639, 433, 5829.96, 100.87357632204778
1514, 0, 434, 5457.48, 93.28327610027425
1515, 639, 434, 5898.32, 100.69825023306015
1516, 0, 435, 5555.8, 89.35502224273687
1517, 639, 435, 5955.68, 73.32378604518456
1518, 0, 436, 5442.88, 108.1692451670067
1519, 639, 436, 5901.0, 112.50955514977383
1520, 0, 437, 5283.4, 40.344516356005556
1521, 639, 437, 5999.04, 40.97363054453437
1522, 0, 438, 5507.52, 106.22057051249536
1523, 639, 438, 5908.16, 124.57886819200117
1524, 0, 439, 5373.16, 119.51357412444833
1525, 639, 439, 5896.6, 87.35170290269102
1526, 0, 440, 5757.16, 58.235164634437155
1527, 639, 440, 6103.52, 80.29700866159337
1528, 0, 441, 5424.56, 95.5380887395179
1529, 639, 441, 5926.56, 86.62289766568652
1530, 0, 442, 5340.88, 95.70760471352315
1531, 639, 442, 5909.12, 140.49436145269317
1532, 0, 443, 5455.68, 103.94025976492459
1533, 639, 443, 5884.08, 128.37224622168142
1534, 0, 444, 5421.92, 111.53938138612747
1535, 639, 444, 6011.16, 70.93359147822702
1536, 0, 445, 5474.2, 109.60364957427284
1537, 639, 445, 5648.6, 92.61662917640655
1538, 0, 446, 5494.96, 91.86706918150811
1539, 639, 446, 6030.56, 65.88722486188048
1540, 0, 447, 5627.28, 87.19473378593459
1541, 639, 447, 5837.88, 96.18412343001313
1542, 0, 448, 5445.6, 133.7627750908301
1543, 639, 448, 5883.48, 83.3897451728928
1544, 0, 449, 5400.12, 95.788233097808
1545, 639, 449, 5918.68, 90.79238734607655
1546, 0, 450, 5501.68, 101.44977870848216
1547, 639, 450, 6070.0, 108.52022852906272
1548, 0, 451, 5308.0, 40.75193246951609
1549, 639, 451, 5822.52, 104.69350314131245
1550, 0, 452, 5561.64, 116.38243166388988
1551, 639, 452, 5889.28, 58.835717043306275
1552, 0, 453, 5408.32, 90.11802039547918
1553, 639, 453, 5952.64, 35.913095104710756
1554, 0, 454, 5455.92, 84.60918153486654
1555, 639, 454, 5924.24, 67.57175741387816
1556, 0, 455, 5330.56, 53.03966817392432
1557, 639, 455, 5869.88, 104.29163724863082
1558, 0, 456, 5856.08, 63.7946204628572
1559, 639, 456, 6008.28, 50.34482694378837
1560, 0, 457, 5536.64, 120.7333856064676
1561, 639, 457, 5896.92, 91.97300473508518
1562, 0, 458, 5386.2, 107.51595230476266
1563, 639, 458, 5939.2, 80.538189699049
1564, 0, 459, 5535.76, 120.86365210434441
1565, 639, 459, 5962.68, 31.382440950314873
1566, 0, 460, 5676.84, 85.277748563151
1567, 639, 460, 5940.72, 80.77896755963151
1568, 0, 461, 5382.96, 73.65621766015411
1569, 639, 461, 6401.12, 78.57394988162424
1570, 0, 462, 5517.04, 121.35121919453468
1571, 639, 462, 5923.96, 79.92620596525272
1572, 0, 463, 5373.6, 126.56065739399429
1573, 639, 463, 6198.84, 107.42836869281783
1574, 0, 464, 5459.76, 108.70410479830096
1575, 639, 464, 6022.24, 43.57731519953931
1576, 0, 465, 5433.32, 113.32068478437641
1577, 639, 465, 6260.64, 127.32819954746866
1578, 0, 466, 5565.0, 114.99878260225192
1579, 639, 466, 5891.36, 108.79848528357368
1580, 0, 467, 5418.64, 95.20457131881851
1581, 639, 467, 5850.72, 49.69146405571082
1582, 0, 468, 5421.64, 92.4427952844352
1583, 639, 468, 5870.2, 101.93762798888348
1584, 0, 469, 5356.36, 81.51263951069184
1585, 639, 469, 5804.92, 74.93032496926729
1586, 0, 470, 5851.6, 65.07411159593345
1587, 639, 470, 5907.24, 74.10494180552334
1588, 0, 471, 5757.88, 57.730629651858116
1589, 639, 471, 5918.88, 123.74758825932729
1590, 0, 472, 5858.6, 69.79627497223616
1591, 639, 472, 5983.64, 42.09786692933503
1592, 0, 473, 5383.96, 84.35803696151305
1593, 639, 473, 6091.56, 95.1529631698351
1594, 0, 474, 5542.2, 117.09517496464147
1595, 639, 474, 6005.12, 80.26322694733872
1596, 0, 475, 5372.96, 71.97248363089884
1597, 639, 475, 6036.12, 73.83241564516226
1598, 0, 476, 5597.12, 60.44059562909684
1599, 639, 476, 6218.72, 100.80219045239046
1600, 0, 477, 5939.4, 101.01128649809385
1601, 639, 477, 5840.8, 125.00719979265193
1602, 0, 478, 5422.64, 133.21798076836325
1603, 639, 478, 5869.52, 80.0395502236238
1604, 0, 479, 5394.2, 97.87134412073843
1605, 639, 479, 5890.92, 74.57287442495428
1606, 0, 480, 5492.72, 106.15442336520886
1607, 639, 480, 5972.0, 80.06647238388862
1608, 0, 481, 5376.16, 110.94419498108046
1609, 639, 481, 6117.72, 105.6070149185176
1610, 0, 482, 5510.2, 113.01822861821893
1611, 639, 482, 5963.64, 63.10808506047383
1612, 0, 483, 5628.96, 60.29360165058976
1613, 639, 483, 5913.96, 93.19162194103072
1614, 0, 484, 5467.64, 129.9359472971202
1615, 639, 484, 5904.48, 128.61698799147803
1616, 0, 485, 5517.6, 97.07358033986385
1617, 639, 485, 5890.84, 79.44743167654948
1618, 0, 486, 5522.32, 78.02651856900962
1619, 639, 486, 5887.64, 108.18387310500582
1620, 0, 487, 5357.76, 89.62467517374888
1621, 639, 487, 5899.44, 107.09213976758517
1622, 0, 488, 5946.16, 99.63199486108866
1623, 639, 488, 5964.52, 93.00972852341845
1624, 0, 489, 5360.84, 54.863233590447436
1625, 639, 489, 5897.48, 79.21521066057956
1626, 0, 490, 5458.16, 106.03647674267566
1627, 639, 490, 5924.16, 77.46466549337188
1628, 0, 491, 5453.36, 104.3957393766623
1629, 639, 491, 5894.36, 96.82887172739338
1630, 0, 492, 5365.84, 97.64494047312435
1631, 639, 492, 5972.52, 112.31531329253369
1632, 0, 493, 5376.68, 122.34499417630457
1633, 639, 493, 5846.84, 92.0089908650236
1634, 0, 494, 5561.64, 99.11967715847344
1635, 639, 494, 5897.96, 84.67655165392601
1636, 0, 495, 5512.6, 145.64065366510823
1637, 639, 495, 5905.08, 85.77361832171943
1638, 0, 496, 5689.96, 89.55600705703667
1639, 639, 496, 6035.24, 91.05746756856352
1640, 0, 497, 5393.28, 117.48617620809692
1641, 639, 497, 6021.16, 48.13122063692131
1642, 0, 498, 5446.04, 97.9740700389649
1643, 639, 498, 5884.04, 95.28000000000002
1644, 0, 499, 5268.96, 31.094025149536364
1645, 639, 499, 5839.72, 104.23493464285379
1646, 0, 500, 5608.24, 101.09412643670254
1647, 639, 500, 5990.56, 60.49864791877584
1648, 0, 501, 5271.56, 48.1606312250992
1649, 639, 501, 5970.28, 63.38739306833812
1650, 0, 502, 5400.0, 120.8744803504859
1651, 639, 502, 5863.72, 98.4648241759462
1652, 0, 503, 5416.84, 108.77671809721048
1653, 639, 503, 5880.92, 100.05755143915925
1654, 0, 504, 5321.8, 108.1942697188719
1655, 639, 504, 5965.52, 39.718126844049436
1656, 0, 505, 5303.72, 46.043909477801726
1657, 639, 505, 5880.72, 79.06631141010689
1658, 0, 506, 5381.08, 74.3666161661266
1659, 639, 506, 5893.08, 118.98198855288977
1660, 0, 507, 5458.36, 118.783123380386
1661, 639, 507, 5837.64, 82.69552829506563
1662, 0, 508, 5344.56, 86.67229315069494
1663, 639, 508, 5867.2, 119.7397177213977
1664, 0, 509, 5657.64, 50.23296129037188
1665, 639, 509, 5794.04, 119.14209331718158
1666, 0, 510, 5578.76, 116.01802618558892
1667, 639, 510, 5892.44, 135.16688351811624
1668, 0, 511, 8147.76, 105.71141092616254
1669, 1, 511, 5451.64, 80.66715812522467
1670, 2, 511, 5345.96, 119.74522286922347
1671, 3, 511, 5379.08, 91.04764467024944
1672, 4, 511, 5365.12, 116.36745936901778
1673, 5, 511, 5457.24, 46.50185372649137
1674, 6, 511, 5531.04, 62.33617248436096
1675, 7, 511, 5477.08, 38.18158718544842
1676, 8, 511, 5427.16, 105.04767679487253
1677, 9, 511, 5482.0, 50.523657824824994
1678, 10, 511, 5468.24, 58.429636315828624
1679, 11, 511, 5397.8, 76.1677096938066
1680, 12, 511, 5485.92, 72.46401589754738
1681, 13, 511, 5499.04, 55.680143677975536
1682, 14, 511, 5485.52, 74.41511674384446
1683, 15, 511, 5389.96, 79.20882779084664
1684, 16, 511, 5379.92, 105.82473056899317
1685, 17, 511, 5446.04, 38.75407591466993
1686, 18, 511, 5371.0, 99.42635465509133
1687, 19, 511, 5432.64, 87.98812647170072
1688, 20, 511, 5459.96, 60.36520852279068
1689, 21, 511, 5556.32, 73.2784934342949
1690, 22, 511, 5406.04, 87.01837966774606
1691, 23, 511, 5818.92, 125.33600280845087
1692, 24, 511, 5389.36, 124.92425865299342
1693, 25, 511, 5482.52, 54.2402949844486
1694, 26, 511, 5316.6, 120.4212605813442
1695, 27, 511, 5619.56, 72.87418198511735
1696, 28, 511, 5436.6, 53.0320657715688
1697, 29, 511, 5365.96, 106.07034646874688
1698, 30, 511, 5434.32, 66.56709096843576
1699, 31, 511, 5522.04, 41.98140540763256
1700, 32, 511, 5440.68, 35.223537584972924
1701, 33, 511, 5391.0, 93.51919589046946
1702, 34, 511, 5665.12, 64.27958929551431
1703, 35, 511, 5398.16, 103.45846702904501
1704, 36, 511, 5334.0, 114.87767407116145
1705, 37, 511, 5722.64, 61.32463126672674
1706, 38, 511, 5395.76, 89.60191069391323
1707, 39, 511, 5651.36, 65.70776514233306
1708, 40, 511, 5478.84, 37.444016878534825
1709, 41, 511, 5424.36, 72.50151998406653
1710, 42, 511, 5399.64, 88.51163991249965
1711, 43, 511, 5482.92, 48.484983242236964
1712, 44, 511, 5407.28, 123.02569487712718
1713, 45, 511, 5303.6, 110.64754854943692
1714, 46, 511, 5596.48, 84.91224646657277
1715, 47, 511, 5385.44, 120.03802064346114
1716, 48, 511, 5451.08, 72.49492120141934
1717, 49, 511, 5452.04, 56.49387931448858
1718, 50, 511, 5408.84, 81.26237997991444
1719, 51, 511, 5608.96, 66.76255237781132
1720, 52, 511, 5297.0, 104.17485301165536
1721, 53, 511, 5475.56, 55.805433427221054
1722, 54, 511, 5322.52, 133.20333929748156
1723, 55, 511, 5364.88, 71.82273734688758
1724, 56, 511, 5448.0, 81.44445960284837
1725, 57, 511, 5447.68, 68.94271245026557
1726, 58, 511, 5587.24, 57.790158331674434
1727, 59, 511, 5551.68, 42.14709479904873
1728, 60, 511, 5375.48, 84.86371191504647
1729, 61, 511, 5342.36, 106.6747880241625
1730, 62, 511, 5379.68, 61.010635138474036
1731, 63, 511, 5690.44, 104.45135901461502
1732, 64, 511, 5369.2, 96.48917037678375
1733, 65, 511, 5311.84, 94.86229177075577
1734, 66, 511, 5431.28, 86.30481794198977
1735, 67, 511, 5467.68, 60.13166886092554
1736, 68, 511, 5708.44, 128.44954807238523
1737, 69, 511, 5544.96, 69.70881149467405
1738, 70, 511, 5411.08, 74.4155467627565
1739, 71, 511, 5588.32, 73.60691271884727
1740, 72, 511, 5519.96, 51.72502682454597
1741, 73, 511, 5514.28, 52.02731590232193
1742, 74, 511, 5819.44, 108.1854260055392
1743, 75, 511, 5506.12, 90.07921846907865
1744, 76, 511, 5486.76, 52.019442519119714
1745, 77, 511, 5408.56, 83.46164628139083
1746, 78, 511, 5456.88, 56.90013708243592
1747, 79, 511, 5360.56, 101.75070712285
1748, 80, 511, 5466.68, 96.36377742699794
1749, 81, 511, 5545.68, 73.85429980712024
1750, 82, 511, 5412.84, 54.42990354575323
1751, 83, 511, 5752.84, 107.98914019474364
1752, 84, 511, 5535.8, 53.79962825150375
1753, 85, 511, 5464.92, 63.15562999448268
1754, 86, 511, 5335.76, 99.1488900593446
1755, 87, 511, 5351.24, 52.87515862860366
1756, 88, 511, 5410.76, 96.99619786362763
1757, 89, 511, 5600.56, 80.31940238821501
1758, 90, 511, 5796.36, 127.11723093271029
1759, 91, 511, 5510.84, 41.153060639519886
1760, 92, 511, 5439.76, 62.65797953972024
1761, 93, 511, 5506.08, 72.17696031283111
1762, 94, 511, 5411.16, 95.18095607840888
1763, 95, 511, 5421.56, 72.19478097480454
1764, 96, 511, 5327.64, 116.07682972927888
1765, 97, 511, 5599.64, 101.40172779593058
1766, 98, 511, 5778.2, 122.66018098796366
1767, 99, 511, 5480.16, 42.62832860903651
1768, 100, 511, 5720.72, 134.95999999999998
1769, 101, 511, 5608.84, 98.62076049189643
1770, 102, 511, 5539.88, 50.36770393813877
1771, 103, 511, 5747.2, 77.64637789362746
1772, 104, 511, 5549.2, 46.3283930219903
1773, 105, 511, 5514.68, 41.30735527723847
1774, 106, 511, 5407.36, 71.07679227427192
1775, 107, 511, 5624.08, 73.15950792617457
1776, 108, 511, 5455.4, 46.22899523026647
1777, 109, 511, 5553.12, 60.33593953855363
1778, 110, 511, 5378.72, 64.76265590600805
1779, 111, 511, 5432.88, 35.62506982449297
1780, 112, 511, 5428.24, 128.6269893918069
1781, 113, 511, 5529.72, 47.96458693661396
1782, 114, 511, 5403.92, 84.18927247577328
1783, 115, 511, 5444.36, 65.17599558119538
1784, 116, 511, 5440.32, 100.28189068819952
1785, 117, 511, 5784.24, 115.9673333314171
1786, 118, 511, 5546.76, 44.947329175380375
1787, 119, 511, 5498.2, 55.377973960772536
1788, 120, 511, 5322.64, 94.17340601252563
1789, 121, 511, 5565.8, 88.42262153996565
1790, 122, 511, 5433.84, 131.3485987744064
1791, 123, 511, 5545.64, 44.22929346033012
1792, 124, 511, 5735.88, 131.28878703072854
1793, 125, 511, 5412.8, 88.81711546768449
1794, 126, 511, 5478.36, 38.253763213571546
1795, 127, 511, 5425.52, 90.1439382321407
1796, 128, 511, 5483.16, 56.09754361823696
1797, 129, 511, 5619.6, 100.52541967084744
1798, 130, 511, 5202.08, 100.92370187423764
1799, 131, 511, 5554.44, 49.84141250004859
1800, 132, 511, 5102.04, 45.07103726341341
1801, 133, 511, 5292.36, 121.22702009040724
1802, 134, 511, 5466.6, 71.13873768910999
1803, 135, 511, 5435.68, 60.04179877385421
1804, 136, 511, 5377.84, 130.09217655185878
1805, 137, 511, 5672.0, 112.12564381086068
1806, 138, 511, 5388.44, 48.672028928328025
1807, 139, 511, 5543.92, 45.47959542476165
1808, 140, 511, 5535.24, 49.573605880548975
1809, 141, 511, 5362.8, 114.4849335065536
1810, 142, 511, 5241.76, 136.82025581031488
1811, 143, 511, 5577.76, 106.14641962873736
1812, 144, 511, 5276.0, 88.0054543764192
1813, 145, 511, 5386.12, 40.87573363256004
1814, 146, 511, 5396.04, 102.9121878107739
1815, 147, 511, 5404.52, 56.796563276311005
1816, 148, 511, 5403.08, 94.11563950800101
1817, 149, 511, 5530.6, 39.4421094770551
1818, 150, 511, 5422.24, 86.00199067463495
1819, 151, 511, 5529.2, 56.19110249852729
1820, 152, 511, 5443.08, 138.2319557844712
1821, 153, 511, 5432.56, 61.10062520138399
1822, 154, 511, 5612.72, 74.34864894535745
1823, 155, 511, 5923.92, 82.97995902626128
1824, 156, 511, 5382.44, 93.47345291578782
1825, 157, 511, 5396.44, 45.27876323399304
1826, 158, 511, 5462.32, 67.84023584864666
1827, 159, 511, 5937.4, 70.1672288180173
1828, 160, 511, 5442.92, 99.87228644624093
1829, 161, 511, 5592.68, 56.97067315733597
1830, 162, 511, 5438.24, 122.18061384687834
1831, 163, 511, 5479.88, 43.472584464234465
1832, 164, 511, 5341.84, 107.53778126779443
1833, 165, 511, 5477.52, 77.17829746761714
1834, 166, 511, 5447.2, 74.9986666548146
1835, 167, 511, 5552.44, 47.46879395982164
1836, 168, 511, 5682.4, 145.66344771424298
1837, 169, 511, 5425.12, 66.83611000050796
1838, 170, 511, 5425.36, 66.33543849255841
1839, 171, 511, 5828.16, 107.37250299774146
1840, 172, 511, 5343.6, 110.24264147778752
1841, 173, 511, 5503.36, 41.79844973201758
1842, 174, 511, 5412.52, 81.54219521204956
1843, 175, 511, 5963.8, 55.27169257404734
1844, 176, 511, 5409.32, 53.49820183894037
1845, 177, 511, 5409.56, 70.91294945212756
1846, 178, 511, 5688.36, 148.20577046795447
1847, 179, 511, 5479.04, 75.79154570267056
1848, 180, 511, 5400.32, 105.59496957715362
1849, 181, 511, 5367.84, 80.40780061660685
1850, 182, 511, 5403.8, 104.83663481817794
1851, 183, 511, 5302.08, 99.64774759120249
1852, 184, 511, 5441.32, 55.46366017492897
1853, 185, 511, 5351.48, 72.38293721589363
1854, 186, 511, 5358.76, 84.49155224044591
1855, 187, 511, 5593.04, 30.82139516634508
1856, 188, 511, 5402.4, 39.52922969145743
1857, 189, 511, 5662.84, 106.99894578919925
1858, 190, 511, 5435.16, 74.07060415576477
1859, 191, 511, 5359.52, 107.29813418694661
1860, 192, 511, 5855.84, 122.2870982565209
1861, 193, 511, 5439.76, 93.3112126167054
1862, 194, 511, 5382.2, 79.47779564129846
1863, 195, 511, 5458.44, 50.06402301054121
1864, 196, 511, 5782.4, 138.39306340998453
1865, 197, 511, 5464.4, 55.016361202827646
1866, 198, 511, 5403.56, 98.01635781847844
1867, 199, 511, 5438.64, 94.9833164297815
1868, 200, 511, 5381.88, 107.45987902468532
1869, 201, 511, 5607.08, 72.80984548809316
1870, 202, 511, 5583.12, 89.50991900342665
1871, 203, 511, 5368.2, 68.3619777361656
1872, 204, 511, 5316.36, 97.59298335433752
1873, 205, 511, 5388.76, 86.4061479294153
1874, 206, 511, 5420.8, 79.0706013635915
1875, 207, 511, 5481.44, 42.7477063712195
1876, 208, 511, 5532.04, 63.6260827019863
1877, 209, 511, 5433.2, 103.80443150463279
1878, 210, 511, 5412.0, 97.59344240265327
1879, 211, 511, 5456.32, 52.60549020777205
1880, 212, 511, 5357.96, 124.83091924679559
1881, 213, 511, 5494.76, 40.78850818551715
1882, 214, 511, 5875.68, 105.7350348749174
1883, 215, 511, 5268.28, 98.17556518808539
1884, 216, 511, 5461.6, 69.12481464712943
1885, 217, 511, 5547.0, 42.31973534888894
1886, 218, 511, 5165.36, 95.64889126383014
1887, 219, 511, 5388.4, 90.28621157186738
1888, 220, 511, 5407.12, 59.274493671392925
1889, 221, 511, 5473.52, 63.0949253109947
1890, 222, 511, 5509.28, 49.141037840078226
1891, 223, 511, 5447.04, 56.27111514800467
1892, 224, 511, 5525.0, 108.017776314827
1893, 225, 511, 5480.4, 48.352869614946336
1894, 226, 511, 5450.68, 60.8254683500259
1895, 227, 511, 5500.36, 70.28791076707287
1896, 228, 511, 5393.48, 66.34764200783626
1897, 229, 511, 5460.44, 54.16351539551324
1898, 230, 511, 5422.4, 91.36782803591205
1899, 231, 511, 5480.68, 67.69503379126125
1900, 232, 511, 5411.48, 91.8386062612015
1901, 233, 511, 5380.16, 81.71153162191979
1902, 234, 511, 5624.4, 94.38559212083166
1903, 235, 511, 5864.88, 109.75693873281998
1904, 236, 511, 5419.0, 91.87905093110182
1905, 237, 511, 5856.0, 83.37145794575024
1906, 238, 511, 5003.88, 40.56828317787185
1907, 239, 511, 5529.12, 69.65131441688663
1908, 240, 511, 5434.64, 68.06519227916718
1909, 241, 511, 5431.84, 82.89013451551396
1910, 242, 511, 5367.88, 94.89628865240199
1911, 243, 511, 5741.2, 89.14841557761976
1912, 244, 511, 5417.16, 70.71841627185947
1913, 245, 511, 5509.76, 39.37337171236418
1914, 246, 511, 5487.04, 37.039956803430535
1915, 247, 511, 5459.8, 62.52999280345393
1916, 248, 511, 5534.16, 66.52739586065277
1917, 249, 511, 5505.28, 39.87632881798424
1918, 250, 511, 5397.48, 99.1415634333048
1919, 251, 511, 5801.12, 129.39036131026145
1920, 252, 511, 5438.92, 51.266300822275056
1921, 253, 511, 5546.36, 48.33787748753559
1922, 254, 511, 5215.96, 142.1918366151869
1923, 255, 511, 5520.6, 102.9302676572834
1924, 256, 511, 5300.76, 105.59783331110538
1925, 257, 511, 5836.52, 113.8887597614444
1926, 258, 511, 5392.68, 128.7881112525531
1927, 259, 511, 5490.56, 50.161403489136944
1928, 260, 511, 5351.2, 141.7849075183956
1929, 261, 511, 5602.84, 70.65107500951417
1930, 262, 511, 5319.84, 128.43354079055828
1931, 263, 511, 5473.8, 76.5522044098013
1932, 264, 511, 5325.4, 116.94203692428144
1933, 265, 511, 5347.8, 102.83345759041657
1934, 266, 511, 5430.56, 51.81743335982592
1935, 267, 511, 5357.04, 75.7313567817189
1936, 268, 511, 5528.8, 43.56695995820686
1937, 269, 511, 5422.28, 75.8511806104559
1938, 270, 511, 5311.28, 122.92486160252531
1939, 271, 511, 5564.52, 53.965262901240465
1940, 272, 511, 5384.2, 137.17871555019022
1941, 273, 511, 5427.12, 87.8791533869097
1942, 274, 511, 5294.6, 145.16528510632284
1943, 275, 511, 5398.72, 63.70275975183493
1944, 276, 511, 5439.12, 72.079578245159
1945, 277, 511, 5440.68, 42.74549800856227
1946, 278, 511, 5339.76, 105.4609994263282
1947, 279, 511, 5453.08, 71.71550459977256
1948, 280, 511, 5455.32, 51.1693032979735
1949, 281, 511, 5309.44, 96.87066841928983
1950, 282, 511, 5400.4, 72.42375300963074
1951, 283, 511, 5325.64, 106.30254183226289
1952, 284, 511, 5405.68, 99.59065016355702
1953, 285, 511, 5469.64, 52.629938248111216
1954, 286, 511, 5410.56, 86.89169350403985
1955, 287, 511, 5470.0, 64.18660296354685
1956, 288, 511, 5750.56, 158.04608948025256
1957, 289, 511, 5552.68, 56.039072083681056
1958, 290, 511, 5497.04, 68.87291485046934
1959, 291, 511, 5557.6, 126.33194370387879
1960, 292, 511, 5358.32, 103.8571018274629
1961, 293, 511, 5438.44, 47.357432362829805
1962, 294, 511, 5393.12, 108.06269291480757
1963, 295, 511, 5532.88, 45.953298031806156
1964, 296, 511, 5333.44, 74.46614264214308
1965, 297, 511, 5481.28, 89.93220557731252
1966, 298, 511, 5419.48, 74.95605112330826
1967, 299, 511, 5423.2, 44.06177481672749
1968, 300, 511, 5392.32, 97.84261648177647
1969, 301, 511, 5553.28, 61.752745687944916
1970, 302, 511, 5370.56, 127.22989585785253
1971, 303, 511, 5434.84, 60.733305525057666
1972, 304, 511, 5313.8, 133.90294993016397
1973, 305, 511, 5375.08, 125.53594544989893
1974, 306, 511, 5451.32, 68.37527038337765
1975, 307, 511, 5484.2, 91.87905093110182
1976, 308, 511, 5426.6, 112.40640551142981
1977, 309, 511, 5571.76, 40.96464817376075
1978, 310, 511, 5878.88, 128.2548463021963
1979, 311, 511, 5524.72, 38.14343455956739
1980, 312, 511, 5911.48, 104.04119184246208
1981, 313, 511, 5421.16, 83.81488173349646
1982, 314, 511, 5393.16, 84.17918032387817
1983, 315, 511, 5429.32, 98.83510307577971
1984, 316, 511, 5478.28, 86.71955719444144
1985, 317, 511, 5749.8, 108.89077095879156
1986, 318, 511, 5414.52, 64.82476070144801
1987, 319, 511, 5450.28, 71.25027438543657
1988, 320, 511, 5505.28, 33.082345745125146
1989, 321, 511, 5436.72, 44.16380418396948
1990, 322, 511, 5405.96, 145.8965332007584
1991, 323, 511, 5360.64, 63.310586792415684
1992, 324, 511, 5600.84, 69.59004526510957
1993, 325, 511, 5404.96, 73.88395224945671
1994, 326, 511, 5428.44, 117.4635534963931
1995, 327, 511, 5426.24, 52.610478043826966
1996, 328, 511, 5511.56, 72.10607741376589
1997, 329, 511, 5602.92, 38.90081747213031
1998, 330, 511, 5382.68, 99.20149998865944
1999, 331, 511, 5683.36, 122.73479702187151
2000, 332, 511, 5423.72, 95.4909503565652
2001, 333, 511, 5449.68, 50.55667710599662
2002, 334, 511, 5216.0, 102.30816194224192
2003, 335, 511, 5429.16, 55.251193652264206
2004, 336, 511, 5347.76, 107.45614175094877
2005, 337, 511, 5405.72, 78.13502159723257
2006, 338, 511, 5417.04, 58.03549258858755
2007, 339, 511, 5437.32, 52.3486160275513
2008, 340, 511, 5500.92, 82.95392456056554
2009, 341, 511, 5450.96, 67.69371019526112
2010, 342, 511, 5463.88, 72.9171145891004
2011, 343, 511, 5451.28, 82.86544273700589
2012, 344, 511, 5411.04, 116.0708335457276
2013, 345, 511, 5502.52, 41.795808402278816
2014, 346, 511, 5560.04, 39.20661168731621
2015, 347, 511, 5452.96, 58.2343403843471
2016, 348, 511, 5431.64, 55.79453736702187
2017, 349, 511, 5446.8, 75.75803587739058
2018, 350, 511, 5368.84, 114.57737298437242
2019, 351, 511, 5658.76, 90.74900770807359
2020, 352, 511, 5377.52, 123.38528923660229
2021, 353, 511, 5322.64, 100.07152641985631
2022, 354, 511, 5551.8, 88.48728722251576
2023, 355, 511, 5437.68, 62.94996108021038
2024, 356, 511, 5497.6, 72.21301821693925
2025, 357, 511, 5493.84, 57.69414528355542
2026, 358, 511, 5525.2, 87.23026997550792
2027, 359, 511, 5667.56, 89.56922685833567
2028, 360, 511, 5321.0, 104.35017968360188
2029, 361, 511, 5423.68, 119.71857667045661
2030, 362, 511, 5364.56, 120.31926861479833
2031, 363, 511, 5463.52, 36.53614101133288
2032, 364, 511, 5257.16, 131.69166412495517
2033, 365, 511, 5469.44, 78.06565441985354
2034, 366, 511, 5480.8, 40.38514578406273
2035, 367, 511, 5643.36, 79.12869517438033
2036, 368, 511, 5403.32, 87.5752111045129
2037, 369, 511, 5441.4, 47.409703648092965
2038, 370, 511, 5364.96, 97.48947840664654
2039, 371, 511, 5437.76, 70.93280200302254
2040, 372, 511, 5439.84, 93.32852940017857
2041, 373, 511, 5497.48, 64.66289198605331
2042, 374, 511, 5391.12, 124.53122339397456
2043, 375, 511, 5490.08, 40.00291989342778
2044, 376, 511, 5437.6, 61.37686860699232
2045, 377, 511, 5583.2, 66.2498301884616
2046, 378, 511, 5424.92, 105.9206948617691
2047, 379, 511, 5429.92, 91.11395941347297
2048, 380, 511, 5463.32, 53.93827583451293
2049, 381, 511, 5469.68, 71.43204882963951
2050, 382, 511, 5330.68, 123.07647053762958
2051, 383, 511, 5449.04, 95.74151868442449
2052, 384, 511, 5727.88, 125.92515872533178
2053, 385, 511, 5033.6, 51.10459861891099
2054, 386, 511, 5322.84, 118.5106509981276
2055, 387, 511, 5552.36, 41.061787588949414
2056, 388, 511, 5498.6, 66.9758165310435
2057, 389, 511, 5529.6, 39.22142271769345
2058, 390, 511, 5467.2, 77.70405394829797
2059, 391, 511, 5434.24, 51.15410442965452
2060, 392, 511, 5444.92, 51.57512578753443
2061, 393, 511, 5535.4, 40.47320101005108
2062, 394, 511, 5856.28, 107.97129989029492
2063, 395, 511, 5420.28, 58.13468499957663
2064, 396, 511, 5415.16, 107.66454569634331
2065, 397, 511, 5373.04, 75.66477648153068
2066, 398, 511, 5354.92, 92.5137481675021
2067, 399, 511, 5420.32, 98.9669520597659
2068, 400, 511, 5399.48, 111.98897088552961
2069, 401, 511, 5524.28, 76.68821030640889
2070, 402, 511, 5389.64, 125.70787723925658
2071, 403, 511, 5537.6, 38.715371624201154
2072, 404, 511, 5386.12, 119.82164078329089
2073, 405, 511, 5360.76, 100.62495913042649
2074, 406, 511, 5507.16, 81.99642919054462
2075, 407, 511, 5323.52, 119.24164373238067
2076, 408, 511, 5372.88, 111.95403342443718
2077, 409, 511, 5366.52, 112.0264683010225
2078, 410, 511, 5425.92, 108.33722167380886
2079, 411, 511, 5330.6, 88.77251827001416
2080, 412, 511, 5225.96, 136.42887670870857
2081, 413, 511, 5365.32, 108.49911336043259
2082, 414, 511, 5381.08, 112.66726942639552
2083, 415, 511, 5366.32, 88.90296732955544
2084, 416, 511, 5374.32, 94.76063317644095
2085, 417, 511, 5483.8, 72.2119103749513
2086, 418, 511, 5293.04, 118.28219815339922
2087, 419, 511, 5500.88, 41.433628853867
2088, 420, 511, 5223.32, 90.79238734607654
2089, 421, 511, 5257.96, 110.78934244772823
2090, 422, 511, 5293.04, 125.95157164561306
2091, 423, 511, 5333.88, 88.72623963631051
2092, 424, 511, 5244.2, 56.912564517863714
2093, 425, 511, 5962.52, 53.53811352672038
2094, 426, 511, 5323.16, 136.1554053278826
2095, 427, 511, 5369.8, 108.21053553143518
2096, 428, 511, 5359.44, 89.86793866557751
2097, 429, 511, 5508.8, 54.993817834371164
2098, 430, 511, 5435.88, 56.30653248069889
2099, 431, 511, 5397.84, 86.17409355484978
2100, 432, 511, 5331.96, 117.04237864978651
2101, 433, 511, 5455.4, 59.87854373646707
2102, 434, 511, 5392.04, 87.38946389582671
2103, 435, 511, 5521.2, 45.494615065961376
2104, 436, 511, 5414.64, 107.60962038777016
2105, 437, 511, 5420.6, 60.95440919244481
2106, 438, 511, 5529.76, 77.79114602575282
2107, 439, 511, 5404.44, 84.13992155926937
2108, 440, 511, 5560.16, 86.37716364873299
2109, 441, 511, 5594.88, 84.4972520263233
2110, 442, 511, 5384.36, 98.05626140129962
2111, 443, 511, 5522.16, 39.70156671971524
2112, 444, 511, 5464.04, 59.59965100568962
2113, 445, 511, 5436.68, 72.74158095614916
2114, 446, 511, 5387.8, 133.1423298579381
2115, 447, 511, 5582.84, 45.55935030265468
2116, 448, 511, 5870.2, 138.57532247842687
2117, 449, 511, 5445.12, 77.31769267121207
2118, 450, 511, 5433.6, 99.09712407532318
2119, 451, 511, 5481.52, 51.64735811249207
2120, 452, 511, 5445.32, 58.895650094043454
2121, 453, 511, 5856.48, 73.15743024464432
2122, 454, 511, 5411.8, 48.965293831447596
2123, 455, 511, 5412.28, 77.55437834190923
2124, 456, 511, 5386.44, 63.5094197737627
2125, 457, 511, 5462.52, 77.59542254540534
2126, 458, 511, 5377.76, 117.08468046674594
2127, 459, 511, 5459.24, 70.81484590112443
2128, 460, 511, 5333.04, 129.9102705716527
2129, 461, 511, 5764.16, 121.8749129230458
2130, 462, 511, 5406.72, 78.62952117366606
2131, 463, 511, 5565.52, 84.54353671334077
2132, 464, 511, 5420.8, 110.24880951738207
2133, 465, 511, 5505.72, 51.43502308738666
2134, 466, 511, 5363.48, 126.75712839915552
2135, 467, 511, 5532.24, 50.851375595946266
2136, 468, 511, 5282.52, 113.58736549458307
2137, 469, 511, 5418.84, 64.23872975082867
2138, 470, 511, 5375.44, 111.12014398838764
2139, 471, 511, 5471.24, 46.55515438702786
2140, 472, 511, 5362.6, 88.64806822486318
2141, 473, 511, 5566.6, 88.95122258856254
2142, 474, 511, 5402.16, 74.87519215334275
2143, 475, 511, 5515.6, 46.19610373180837
2144, 476, 511, 5270.44, 126.36141183130236
2145, 477, 511, 5427.32, 53.63560011783219
2146, 478, 511, 5308.68, 128.8731841773144
2147, 479, 511, 5213.56, 103.53089587171551
2148, 480, 511, 5256.8, 103.01805666969264
2149, 481, 511, 5367.48, 103.50270334633777
2150, 482, 511, 5447.72, 59.77525909605076
2151, 483, 511, 5491.92, 48.505603799973464
2152, 484, 511, 5367.32, 131.1123853798717
2153, 485, 511, 5661.68, 99.34131869469019
2154, 486, 511, 5563.6, 50.674648494094164
2155, 487, 511, 5358.28, 80.50814617167632
2156, 488, 511, 5259.64, 150.19450855474045
2157, 489, 511, 5716.56, 112.36051975671882
2158, 490, 511, 5326.08, 148.56080775224666
2159, 491, 511, 5313.96, 88.44997682306085
2160, 492, 511, 5366.36, 94.6576483967355
2161, 493, 511, 5406.56, 85.27652901003887
2162, 494, 511, 5353.84, 123.372826829898
2163, 495, 511, 5446.92, 38.72458650521655
2164, 496, 511, 5393.2, 95.45092980165253
2165, 497, 511, 5446.84, 66.77405484168233
2166, 498, 511, 5348.76, 106.58753398029245
2167, 499, 511, 5502.68, 48.08053244297531
2168, 500, 511, 5743.92, 108.14838695052276
2169, 501, 511, 5507.92, 75.03275018283684
2170, 502, 511, 5395.8, 81.57450582136552
2171, 503, 511, 5641.52, 67.11787839316732
2172, 504, 511, 5389.32, 87.47924096607149
2173, 505, 511, 5457.96, 39.968467571324275
2174, 506, 511, 5255.8, 127.7676015271477
2175, 507, 511, 5468.04, 73.9786347535557
2176, 508, 511, 5479.52, 74.6989263644398
2177, 509, 511, 5933.76, 61.012969113131994
2178, 510, 511, 5491.84, 65.46368764437274
2179, 511, 511, 5457.88, 56.32428960936835
2180, 512, 511, 5500.6, 40.9380019053202
2181, 513, 511, 5489.92, 89.92126333632108
2182, 514, 511, 5339.56, 99.03699510788886
2183, 515, 511, 5461.48, 50.80796787906401
2184, 516, 511, 5436.88, 87.86504196778148
2185, 517, 511, 5364.56, 101.19173088745937
2186, 518, 511, 5398.08, 100.86938881543797
2187, 519, 511, 5525.2, 72.51096468810769
2188, 520, 511, 5300.72, 118.44915195981775
2189, 521, 511, 5577.4, 47.59663853677064
2190, 522, 511, 5362.2, 99.45370782429382
2191, 523, 511, 5401.44, 102.08352658485111
2192, 524, 511, 5625.28, 107.96833609906193
2193, 525, 511, 5366.72, 87.37071362876692
2194, 526, 511, 5513.2, 87.10499411629624
2195, 527, 511, 5463.0, 66.80119759405515
2196, 528, 511, 5614.76, 113.80027416487185
2197, 529, 511, 5426.16, 47.37229570117962
2198, 530, 511, 5484.04, 71.05180082165407
2199, 531, 511, 5362.56, 98.08040782949467
2200, 532, 511, 5440.32, 78.01267589308804
2201, 533, 511, 5372.4, 87.39931349844801
2202, 534, 511, 5506.08, 49.05255956624485
2203, 535, 511, 5434.16, 65.14824940088567
2204, 536, 511, 5400.48, 105.28138296963998
2205, 537, 511, 5443.88, 65.82663290796515
2206, 538, 511, 5470.68, 71.77616317413464
2207, 539, 511, 5432.08, 64.32288550741485
2208, 540, 511, 5439.48, 71.01781185026753
2209, 541, 511, 5378.68, 109.58383822443892
2210, 542, 511, 5433.12, 80.7833250120345
2211, 543, 511, 5381.44, 44.24665411079125
2212, 544, 511, 5417.28, 88.68349113561102
2213, 545, 511, 5398.96, 60.68705298496542
2214, 546, 511, 5390.0, 86.91743208355848
2215, 547, 511, 5583.2, 41.68069097315926
2216, 548, 511, 5416.72, 105.0773124894237
2217, 549, 511, 5583.56, 43.5560145100536
2218, 550, 511, 5462.2, 105.72530444505705
2219, 551, 511, 5450.92, 63.74757720886339
2220, 552, 511, 5384.32, 93.09381075023192
2221, 553, 511, 5477.24, 68.01898558490856
2222, 554, 511, 5374.96, 70.70529258832043
2223, 555, 511, 5459.16, 59.9250732164759
2224, 556, 511, 5394.6, 138.45548020934382
2225, 557, 511, 5453.24, 43.50198156406211
2226, 558, 511, 5384.52, 95.03267648551206
2227, 559, 511, 5340.88, 85.76960767078278
2228, 560, 511, 5348.48, 62.7618482838101
2229, 561, 511, 5390.68, 127.84325402617067
2230, 562, 511, 5417.36, 67.37292037606801
2231, 563, 511, 5439.64, 89.55707900551468
2232, 564, 511, 5433.96, 72.59392812074574
2233, 565, 511, 5358.48, 96.40959288369596
2234, 566, 511, 5461.56, 78.42962705508678
2235, 567, 511, 5422.52, 66.45065537675305
2236, 568, 511, 5443.44, 119.76279221861854
2237, 569, 511, 5493.52, 46.04269323139123
2238, 570, 511, 5421.48, 94.85193514103968
2239, 571, 511, 5471.52, 74.72837212197251
2240, 572, 511, 5330.76, 129.54204877181772
2241, 573, 511, 5552.72, 42.76308688577101
2242, 574, 511, 5460.24, 46.028061006303524
2243, 575, 511, 5466.72, 68.80902266418263
2244, 576, 511, 5370.56, 105.43399072405445
2245, 577, 511, 5407.04, 68.6011545092355
2246, 578, 511, 5402.4, 125.21277890055792
2247, 579, 511, 5369.68, 85.57650144753525
2248, 580, 511, 5396.4, 58.31294881928025
2249, 581, 511, 5602.64, 112.15057021700781
2250, 582, 511, 5269.76, 102.79971984397623
2251, 583, 511, 5344.0, 111.83595128580076
2252, 584, 511, 5430.6, 78.42499601530113
2253, 585, 511, 5406.0, 69.33570508763864
2254, 586, 511, 5411.72, 79.57462912260415
2255, 587, 511, 5715.56, 118.35441014174334
2256, 588, 511, 5420.88, 61.63656057892913
2257, 589, 511, 5330.8, 93.67432946117094
2258, 590, 511, 5453.64, 48.34863390003899
2259, 591, 511, 5435.48, 46.76333606576845
2260, 592, 511, 5435.28, 52.04730156309739
2261, 593, 511, 5376.52, 66.43139017061135
2262, 594, 511, 5396.12, 98.91665987082256
2263, 595, 511, 5407.88, 65.44880136411973
2264, 596, 511, 5424.28, 63.27117511157826
2265, 597, 511, 5495.56, 48.91959116754759
2266, 598, 511, 5262.92, 105.05538348890076
2267, 599, 511, 5479.04, 47.46744568649129
2268, 600, 511, 5388.08, 71.27351261162873
2269, 601, 511, 5319.84, 110.41618721908486
2270, 602, 511, 5514.32, 51.10516216587128
2271, 603, 511, 5269.52, 80.29800495653674
2272, 604, 511, 5271.56, 78.74824696461503
2273, 605, 511, 5403.0, 63.9862485226318
2274, 606, 511, 5279.04, 117.02016236529498
2275, 607, 511, 5251.68, 99.00412920681643
2276, 608, 511, 5252.2, 117.92845288563738
2277, 609, 511, 5493.88, 81.38025313305434
2278, 610, 511, 5430.72, 78.59492095549177
2279, 611, 511, 5539.24, 50.85294878372344
2280, 612, 511, 5600.56, 80.83171654740484
2281, 613, 511, 5318.08, 79.67329289040337
2282, 614, 511, 5375.44, 130.96047648050157
2283, 615, 511, 5586.32, 34.25868648970652
2284, 616, 511, 5501.76, 61.80568258663599
2285, 617, 511, 5392.08, 88.67555243695976
2286, 618, 511, 5412.04, 92.65138099348549
2287, 619, 511, 5393.84, 48.02805846585932
2288, 620, 511, 5380.92, 143.06052425459652
2289, 621, 511, 5344.48, 96.08168191700226
2290, 622, 511, 5528.24, 46.21885329603061
2291, 623, 511, 5506.72, 66.95701307555467
2292, 624, 511, 5382.76, 111.93115026658127
2293, 625, 511, 5296.88, 93.74318961929981
2294, 626, 511, 5234.8, 117.40664376431175
2295, 627, 511, 5311.52, 104.4234149987444
2296, 628, 511, 5293.72, 113.96438741993043
2297, 629, 511, 5301.88, 117.30825034924014
2298, 630, 511, 5351.32, 109.16289479488897
2299, 631, 511, 5332.72, 49.774306625004826
2300, 632, 511, 5370.2, 72.39060712551043
2301, 633, 511, 5378.68, 100.63984101736251
2302, 634, 511, 5649.68, 97.88471586514413
2303, 635, 511, 5471.16, 38.758410700130625
2304, 636, 511, 5276.12, 129.09882106355582
2305, 637, 511, 5148.24, 100.1328237892051
2306, 638, 511, 5455.4, 71.90938742612121
2307, 639, 511, 8312.96, 94.57504110493423
