Number of pixels outside +/- 5sigma range: 2314
Num hot pixels (>5sigma): 2306
Num cold pixels (<5sigma): 8

num, Pixel_x, Pixel_y, Pixel_Mean, Pixel_Std
1, 0, 0, 3273.92, 56.43184916339355
2, 1, 0, 2472.72, 86.13316202253345
3, 2, 0, 2399.72, 84.59338981267982
4, 3, 0, 2422.96, 104.54720656239458
5, 4, 0, 2325.84, 86.16202411735694
6, 5, 0, 2349.8, 101.26796136982318
7, 6, 0, 2427.68, 69.1489522697199
8, 7, 0, 2633.48, 123.64048527889237
9, 8, 0, 2353.32, 91.45259755742316
10, 9, 0, 2449.92, 96.95975247493158
11, 10, 0, 2660.4, 117.67378637572601
12, 11, 0, 2402.64, 102.28465378540419
13, 12, 0, 2441.4, 73.03642926649687
14, 13, 0, 2369.96, 74.81629768974138
15, 14, 0, 2441.76, 75.12404674935983
16, 15, 0, 2434.4, 85.72467556077422
17, 16, 0, 2384.56, 44.20052488376127
18, 17, 0, 2749.52, 126.94853130304422
19, 18, 0, 2349.36, 116.01892259454921
20, 19, 0, 2405.76, 57.18480917166725
21, 20, 0, 2362.76, 107.47103051520442
22, 21, 0, 2562.8, 124.32151865224296
23, 22, 0, 2426.84, 67.08542613712757
24, 23, 0, 2425.08, 90.95006102251938
25, 24, 0, 2344.2, 108.8441087059837
26, 25, 0, 2367.76, 97.21328304300808
27, 26, 0, 2304.2, 90.94965640396889
28, 27, 0, 2463.04, 88.28656976007167
29, 28, 0, 2521.52, 53.69403691286399
30, 29, 0, 2377.0, 110.70356814484346
31, 30, 0, 2468.68, 88.11071217508119
32, 31, 0, 2519.96, 74.04565078382392
33, 32, 0, 2542.24, 119.08728899424993
34, 33, 0, 2468.0, 110.87795091901725
35, 34, 0, 2410.12, 78.78797877849132
36, 35, 0, 2387.68, 76.67996870108908
37, 36, 0, 2490.48, 71.96450236053883
38, 37, 0, 2532.76, 93.03086799552071
39, 38, 0, 2422.2, 116.4807280197029
40, 39, 0, 2436.04, 107.76288043663271
41, 40, 0, 2404.6, 60.50851179792807
42, 41, 0, 2355.76, 109.77150085518555
43, 42, 0, 2425.72, 81.69333877373357
44, 43, 0, 2700.92, 120.13389862982054
45, 44, 0, 2441.6, 102.28470071325428
46, 45, 0, 2468.84, 51.491109912294576
47, 46, 0, 2332.76, 88.33222741446069
48, 47, 0, 2467.56, 100.86231407220438
49, 48, 0, 2503.6, 84.88250703177893
50, 49, 0, 2424.6, 37.3502342696803
51, 50, 0, 2413.44, 108.69556752692355
52, 51, 0, 2439.32, 85.73854209164044
53, 52, 0, 2394.04, 74.2253218248328
54, 53, 0, 2364.08, 95.40394960377688
55, 54, 0, 2435.68, 106.13565659098735
56, 55, 0, 2394.08, 77.3867792326312
57, 56, 0, 2339.52, 119.36033512017299
58, 57, 0, 2423.52, 124.57098217482272
59, 58, 0, 2441.92, 31.44381656224319
60, 59, 0, 2470.68, 67.14921890833877
61, 60, 0, 2390.88, 74.65778994853785
62, 61, 0, 2436.8, 68.34149544749515
63, 62, 0, 2517.16, 72.2233646405372
64, 63, 0, 2333.88, 67.35358639300509
65, 64, 0, 2354.28, 111.97232515224465
66, 65, 0, 2315.12, 107.27509310180066
67, 66, 0, 2630.24, 118.54088914800664
68, 67, 0, 2518.4, 75.87990511327752
69, 68, 0, 2384.08, 101.30070878330515
70, 69, 0, 2409.44, 101.5941258144387
71, 70, 0, 2468.68, 79.34820476860205
72, 71, 0, 2517.68, 113.36550445351533
73, 72, 0, 2435.0, 60.70189453386113
74, 73, 0, 2438.4, 75.05624557623435
75, 74, 0, 2431.92, 91.20215786920835
76, 75, 0, 2383.48, 119.03616929320265
77, 76, 0, 2314.64, 119.20901979296701
78, 77, 0, 2442.72, 86.79747461764082
79, 78, 0, 2392.28, 74.61287824497859
80, 79, 0, 2397.16, 114.86676804019514
81, 80, 0, 2470.04, 122.7731175787273
82, 81, 0, 2427.32, 97.43334952674059
83, 82, 0, 2338.88, 101.37546843294977
84, 83, 0, 2401.64, 112.48604535674636
85, 84, 0, 2380.12, 77.5418957725435
86, 85, 0, 2376.64, 96.3596928181073
87, 86, 0, 2316.76, 101.91026641119137
88, 87, 0, 2644.92, 145.47877370943158
89, 88, 0, 2383.2, 107.12833425382847
90, 89, 0, 2440.48, 78.8300044399339
91, 90, 0, 2477.16, 60.94698023692396
92, 91, 0, 2373.0, 101.23201074758913
93, 92, 0, 2361.72, 106.74962107661085
94, 93, 0, 2462.88, 90.05656888867131
95, 94, 0, 2346.12, 132.18905249679338
96, 95, 0, 2406.6, 85.16337240856541
97, 96, 0, 2661.88, 115.59941868365947
98, 97, 0, 2451.72, 116.92511107542298
99, 98, 0, 2432.32, 88.91826359078321
100, 99, 0, 2528.28, 56.81867298696793
101, 100, 0, 2501.36, 85.18679709908103
102, 101, 0, 2461.24, 109.06668785655866
103, 102, 0, 2394.2, 74.46663682482244
104, 103, 0, 2345.36, 88.29173460749313
105, 104, 0, 2401.4, 101.31140113531151
106, 105, 0, 2414.6, 79.77518411135131
107, 106, 0, 2466.8, 115.14998914459348
108, 107, 0, 2616.84, 133.64510615806327
109, 108, 0, 2453.4, 89.99866665678998
110, 109, 0, 2402.36, 73.72754166524204
111, 110, 0, 2602.04, 179.9903286290683
112, 111, 0, 2382.92, 95.93369376814384
113, 112, 0, 2429.64, 109.58353160945308
114, 113, 0, 2467.88, 100.28611868050332
115, 114, 0, 2397.2, 61.2333242605691
116, 115, 0, 2292.6, 120.980659611361
117, 116, 0, 2426.08, 105.25204796107296
118, 117, 0, 2388.04, 74.32925668940865
119, 118, 0, 2358.44, 123.6919011091672
120, 119, 0, 2403.44, 93.74948746526564
121, 120, 0, 2457.28, 62.25015341346557
122, 121, 0, 2354.64, 113.05711123144798
123, 122, 0, 2405.88, 96.73027240734929
124, 123, 0, 2508.8, 73.84307685897168
125, 124, 0, 2410.16, 110.34479779309943
126, 125, 0, 2437.2, 108.9014233148493
127, 126, 0, 2432.8, 61.73880465315149
128, 127, 0, 2474.68, 91.6797556715767
129, 128, 0, 2441.76, 93.32621496664267
130, 129, 0, 2492.16, 86.00961806681855
131, 130, 0, 2376.44, 87.49952228441023
132, 131, 0, 2515.56, 60.268784623551184
133, 132, 0, 2387.44, 85.8342961758294
134, 133, 0, 2393.68, 91.97596207705575
135, 134, 0, 2421.24, 102.99331240425275
136, 135, 0, 2651.44, 124.60660656642568
137, 136, 0, 2418.88, 99.11057259445131
138, 137, 0, 2474.2, 98.76841600430778
139, 138, 0, 2402.04, 77.31777544652977
140, 139, 0, 2401.04, 90.0477562185755
141, 140, 0, 2426.64, 74.6452302561925
142, 141, 0, 2339.64, 94.39698300263626
143, 142, 0, 2412.28, 80.57767432732221
144, 143, 0, 2414.04, 85.98905976925205
145, 144, 0, 2424.2, 21.367264682218902
146, 145, 0, 2478.84, 88.66100834075822
147, 146, 0, 2337.24, 93.31721384610664
148, 147, 0, 2337.0, 62.11859624943242
149, 148, 0, 2511.4, 74.62814482485813
150, 149, 0, 2644.44, 111.47558656495153
151, 150, 0, 2401.04, 107.80444517736736
152, 151, 0, 2478.4, 61.88182285615057
153, 152, 0, 2302.6, 107.28876921654009
154, 153, 0, 2539.24, 94.4772057165113
155, 154, 0, 2527.28, 57.6718440835734
156, 155, 0, 2461.28, 57.381892614308214
157, 156, 0, 2394.32, 122.02777388775064
158, 157, 0, 2396.24, 104.33456953474241
159, 158, 0, 2439.0, 59.595301828248175
160, 159, 0, 2329.28, 117.23054891963953
161, 160, 0, 2505.52, 70.985136472363
162, 161, 0, 2470.68, 65.28688689162625
163, 162, 0, 2331.8, 77.1917093993908
164, 163, 0, 2644.4, 113.83496826546752
165, 164, 0, 2632.16, 117.49065664979493
166, 165, 0, 2478.48, 111.35101975285184
167, 166, 0, 2333.16, 94.78804987971849
168, 167, 0, 2471.44, 56.62160718312401
169, 168, 0, 2419.76, 122.9553675119553
170, 169, 0, 2475.68, 100.89428923383126
171, 170, 0, 2365.84, 87.9603001359136
172, 171, 0, 2468.28, 120.69515980353148
173, 172, 0, 2377.16, 72.42412857604847
174, 173, 0, 2502.12, 87.53116930556794
175, 174, 0, 2328.84, 119.16230276391943
176, 175, 0, 2473.96, 73.25161022120948
177, 176, 0, 2459.12, 59.243443519093304
178, 177, 0, 2412.24, 104.0789238991257
179, 178, 0, 2355.16, 114.79222273307545
180, 179, 0, 2386.24, 76.32890933322707
181, 180, 0, 2401.04, 80.17405066478804
182, 181, 0, 2457.2, 77.01791999268741
183, 182, 0, 2334.76, 82.2130305973451
184, 183, 0, 2311.76, 121.89578499685705
185, 184, 0, 2473.72, 108.38801409750064
186, 185, 0, 2377.6, 77.4911607862471
187, 186, 0, 2307.92, 105.58595361126403
188, 187, 0, 2689.6, 125.680547420832
189, 188, 0, 2451.08, 58.89850252765344
190, 189, 0, 2438.16, 103.12659404828608
191, 190, 0, 2413.48, 76.46757221201678
192, 191, 0, 2452.72, 94.27556205083054
193, 192, 0, 2470.96, 91.03558864532046
194, 193, 0, 2468.04, 78.0848154252797
195, 194, 0, 2435.96, 70.05568071184521
196, 195, 0, 2380.44, 85.52804452341934
197, 196, 0, 2292.44, 107.37600476829076
198, 197, 0, 2425.0, 104.64339444035633
199, 198, 0, 2329.88, 122.38899296913918
200, 199, 0, 2401.84, 84.2613458235744
201, 200, 0, 2390.24, 58.81515450970098
202, 201, 0, 2647.88, 147.24464540349166
203, 202, 0, 2418.32, 79.97685665240915
204, 203, 0, 2434.68, 87.41703266526495
205, 204, 0, 2386.12, 96.28388027079092
206, 205, 0, 2726.4, 127.98499912099075
207, 206, 0, 2462.4, 57.36479756784642
208, 207, 0, 2417.6, 106.4466063338799
209, 208, 0, 2425.48, 59.18386266542595
210, 209, 0, 2403.96, 33.38080885778535
211, 210, 0, 2339.12, 121.11955085781982
212, 211, 0, 2440.96, 74.68626647516932
213, 212, 0, 2356.72, 58.686639024568436
214, 213, 0, 2515.36, 114.14758166514086
215, 214, 0, 2356.08, 64.87459903536976
216, 215, 0, 2450.24, 77.43760326869626
217, 216, 0, 2337.44, 91.4308831850595
218, 217, 0, 2338.64, 110.60230739003593
219, 218, 0, 2492.36, 81.04856815515004
220, 219, 0, 2395.44, 69.57532896077458
221, 220, 0, 2462.64, 113.27237262457248
222, 221, 0, 2530.32, 25.686914956841356
223, 222, 0, 2411.16, 110.98528911526968
224, 223, 0, 2481.44, 80.24466586633656
225, 224, 0, 2531.72, 93.619878231068
226, 225, 0, 2483.0, 89.50262565980955
227, 226, 0, 2391.88, 58.16412640107301
228, 227, 0, 2408.48, 105.28366255027414
229, 228, 0, 2422.8, 100.04399032425685
230, 229, 0, 2416.44, 101.18935912436642
231, 230, 0, 2406.4, 79.13128332082073
232, 231, 0, 2511.4, 84.76036809736023
233, 232, 0, 2449.36, 73.63525242708141
234, 233, 0, 2807.16, 132.06564428343958
235, 234, 0, 2372.8, 83.4103111131951
236, 235, 0, 2423.24, 80.27167869180263
237, 236, 0, 2418.88, 118.03535741463233
238, 237, 0, 2420.08, 105.55526325105726
239, 238, 0, 2665.96, 132.21996218423297
240, 239, 0, 2475.64, 90.58162286026896
241, 240, 0, 2438.48, 81.96248898124068
242, 241, 0, 2406.4, 59.93129399570812
243, 242, 0, 2420.88, 108.19512743187651
244, 243, 0, 2544.68, 110.91175591433039
245, 244, 0, 2508.0, 84.95551777253787
246, 245, 0, 2498.72, 95.75824559796403
247, 246, 0, 2435.04, 91.43762026649642
248, 247, 0, 2427.08, 93.92376483084567
249, 248, 0, 2501.48, 99.9836466628418
250, 249, 0, 2515.08, 57.70748305029426
251, 250, 0, 2445.2, 72.26340706055866
252, 251, 0, 2500.88, 95.70760471352317
253, 252, 0, 2670.08, 120.94326603825449
254, 253, 0, 2566.52, 112.73761395381756
255, 254, 0, 2453.44, 110.62335377306185
256, 255, 0, 2442.0, 114.64205162155812
257, 256, 0, 2484.2, 86.47635514983271
258, 257, 0, 2683.88, 133.55487860800892
259, 258, 0, 2569.56, 108.19023246116075
260, 259, 0, 2650.24, 104.11197049331071
261, 260, 0, 2546.48, 133.24357245285793
262, 261, 0, 2478.28, 100.37908945592204
263, 262, 0, 2467.8, 71.7986072288314
264, 263, 0, 2464.08, 111.57487889305548
265, 264, 0, 2476.04, 109.00292840102968
266, 265, 0, 2473.6, 53.21879367291221
267, 266, 0, 2475.6, 100.60099403087426
268, 267, 0, 2426.44, 70.45854383962246
269, 268, 0, 2491.88, 78.81843439196189
270, 269, 0, 2630.92, 121.74495307814612
271, 270, 0, 2465.12, 124.58581620714293
272, 271, 0, 2528.28, 53.95740542316688
273, 272, 0, 2367.24, 97.14330857037966
274, 273, 0, 2455.08, 71.42320071237356
275, 274, 0, 2428.88, 92.37675898189975
276, 275, 0, 2361.88, 101.32889814855385
277, 276, 0, 2527.2, 57.552063386120224
278, 277, 0, 2520.4, 60.98458821702414
279, 278, 0, 2474.96, 112.24526003355331
280, 279, 0, 2428.08, 95.0300668209804
281, 280, 0, 2554.44, 61.21246931794207
282, 281, 0, 2395.6, 74.70903559811222
283, 282, 0, 2450.56, 110.72780319323597
284, 283, 0, 2430.72, 79.17652177255579
285, 284, 0, 2378.4, 112.56962290067423
286, 285, 0, 2674.92, 118.30432620999115
287, 286, 0, 2352.2, 85.1520992107652
288, 287, 0, 2420.28, 117.16126322296121
289, 288, 0, 2379.2, 102.77665104487498
290, 289, 0, 2647.84, 117.83978275607944
291, 290, 0, 2418.96, 115.60362624070234
292, 291, 0, 2484.2, 101.73652244892195
293, 292, 0, 2514.48, 62.56332471983886
294, 293, 0, 2412.16, 86.78925279088418
295, 294, 0, 2361.56, 89.67098973469625
296, 295, 0, 2619.28, 153.5793006886019
297, 296, 0, 2468.8, 97.63114257243947
298, 297, 0, 2606.12, 125.81552209485123
299, 298, 0, 2460.68, 91.22575075054192
300, 299, 0, 2688.56, 143.88247426285105
301, 300, 0, 2447.12, 75.7977941631549
302, 301, 0, 2421.64, 111.77437273364588
303, 302, 0, 2550.68, 139.95505564287416
304, 303, 0, 2601.64, 102.24514854016302
305, 304, 0, 2404.48, 74.77278649348304
306, 305, 0, 2713.6, 120.2720250099748
307, 306, 0, 2473.72, 100.62505453414671
308, 307, 0, 2634.64, 147.04526649980951
309, 308, 0, 2379.8, 98.23482071037745
310, 309, 0, 2777.76, 125.49813703796563
311, 310, 0, 2450.48, 104.39544817663268
312, 311, 0, 2681.2, 126.33985911025863
313, 312, 0, 2464.92, 55.34540269977264
314, 313, 0, 2454.24, 96.33079673707677
315, 314, 0, 2384.6, 86.89902185870679
316, 315, 0, 2511.68, 97.8258534335377
317, 316, 0, 2417.12, 106.3079752417475
318, 317, 0, 2442.6, 85.22300158994636
319, 318, 0, 2640.8, 133.6101792529297
320, 319, 0, 2448.44, 121.30954785176638
321, 320, 0, 2450.0, 91.58820884808262
322, 321, 0, 2410.12, 60.07216992917768
323, 322, 0, 2334.4, 118.26377298226198
324, 323, 0, 2353.8, 103.496473369869
325, 324, 0, 2450.0, 88.64445837163201
326, 325, 0, 2372.88, 91.54466450864298
327, 326, 0, 2357.48, 96.81533762787795
328, 327, 0, 2522.84, 71.456101209064
329, 328, 0, 2283.44, 122.07148069881023
330, 329, 0, 2667.72, 133.20946512917166
331, 330, 0, 2446.56, 75.31644176406637
332, 331, 0, 2426.48, 103.28528259147086
333, 332, 0, 2310.04, 105.7746585907986
334, 333, 0, 2668.04, 127.3101661298107
335, 334, 0, 2304.0, 111.80232555720833
336, 335, 0, 2359.56, 110.46812390911687
337, 336, 0, 2473.6, 88.5288653491052
338, 337, 0, 2473.64, 79.79267134267407
339, 338, 0, 2517.84, 102.34712697482034
340, 339, 0, 2677.72, 126.5137209949972
341, 340, 0, 2471.76, 106.23719875825039
342, 341, 0, 2628.6, 146.7026925451609
343, 342, 0, 2644.92, 133.57931576408077
344, 343, 0, 2533.16, 128.7247233440414
345, 344, 0, 2593.28, 103.82659389578373
346, 345, 0, 2460.28, 59.65937981575068
347, 346, 0, 2810.12, 134.1692423769323
348, 347, 0, 2428.68, 108.92592712481266
349, 348, 0, 2509.16, 57.12420152614824
350, 349, 0, 2448.76, 39.22680716041008
351, 350, 0, 2378.68, 108.2259562212319
352, 351, 0, 2497.68, 87.50667174564464
353, 352, 0, 2680.44, 116.13167698780555
354, 353, 0, 2484.52, 77.18658950880004
355, 354, 0, 2579.8, 77.4002583975015
356, 355, 0, 2412.92, 109.45681157424603
357, 356, 0, 2671.96, 129.14471882349662
358, 357, 0, 2435.8, 69.72574847213905
359, 358, 0, 2662.96, 126.1505386433209
360, 359, 0, 2399.64, 107.29058859005295
361, 360, 0, 2393.56, 64.68327759166198
362, 361, 0, 2480.8, 103.77783963833512
363, 362, 0, 2476.2, 80.83662536251745
364, 363, 0, 2622.64, 106.11423278712428
365, 364, 0, 2620.8, 131.5638248151824
366, 365, 0, 2668.64, 152.20009986856118
367, 366, 0, 2592.96, 103.55191161924535
368, 367, 0, 2485.56, 88.18393504488218
369, 368, 0, 2378.84, 66.51597101448642
370, 369, 0, 2401.2, 70.60878132357192
371, 370, 0, 2403.76, 74.14649283681595
372, 371, 0, 2442.88, 87.21665895916902
373, 372, 0, 2446.64, 82.92303901811607
374, 373, 0, 2516.36, 112.1338057857665
375, 374, 0, 2538.32, 131.26239979521935
376, 375, 0, 2469.56, 41.42374198451897
377, 376, 0, 2634.6, 112.97291710848224
378, 377, 0, 2368.16, 96.88206438758414
379, 378, 0, 2296.68, 114.16294319962147
380, 379, 0, 2417.2, 97.62089940171624
381, 380, 0, 2452.92, 122.86152204819862
382, 381, 0, 2495.92, 130.2121100358949
383, 382, 0, 2434.6, 84.7768836417098
384, 383, 0, 2665.72, 119.12531888729616
385, 384, 0, 2396.08, 58.04957880984149
386, 385, 0, 2449.28, 98.7346018374511
387, 386, 0, 2480.24, 100.94682956883787
388, 387, 0, 2497.68, 93.9151617152417
389, 388, 0, 2449.04, 75.83480994899374
390, 389, 0, 2680.64, 124.59113291081351
391, 390, 0, 2408.28, 103.55540352873915
392, 391, 0, 2683.76, 116.54296375157104
393, 392, 0, 2568.2, 95.77724155560131
394, 393, 0, 2525.2, 106.03433406213291
395, 394, 0, 2316.24, 94.30727649550697
396, 395, 0, 2442.08, 84.01377029987405
397, 396, 0, 2482.44, 134.06597778705827
398, 397, 0, 2416.0, 116.09478885807063
399, 398, 0, 2642.44, 120.8897282650598
400, 399, 0, 2410.56, 101.29366416513918
401, 400, 0, 2412.48, 56.09500512523373
402, 401, 0, 2409.08, 74.4284461748329
403, 402, 0, 2436.28, 95.11404522992385
404, 403, 0, 2467.92, 105.77709392869517
405, 404, 0, 2452.2, 101.65352920582738
406, 405, 0, 2355.8, 127.97531011878814
407, 406, 0, 2649.8, 161.43085206985683
408, 407, 0, 2598.64, 125.86560451529242
409, 408, 0, 2447.04, 102.45251778262943
410, 409, 0, 2682.92, 123.81467441301133
411, 410, 0, 2519.6, 56.23308634602941
412, 411, 0, 2765.04, 126.63411230786119
413, 412, 0, 2376.84, 116.38958028964619
414, 413, 0, 2444.4, 85.18685344582227
415, 414, 0, 2406.6, 109.49337879524953
416, 415, 0, 2487.08, 115.73380491455382
417, 416, 0, 2613.76, 110.73907350163263
418, 417, 0, 2698.2, 131.91300163365244
419, 418, 0, 2644.04, 107.96943271130029
420, 419, 0, 2384.6, 89.16905292757124
421, 420, 0, 2467.6, 120.46078199978616
422, 421, 0, 2404.08, 76.035738965305
423, 422, 0, 2442.88, 30.63503876282842
424, 423, 0, 2502.76, 93.51846020973613
425, 424, 0, 2319.6, 86.93307770923562
426, 425, 0, 2609.28, 96.95257397305137
427, 426, 0, 2351.6, 104.34711304104201
428, 427, 0, 2715.56, 139.62867327307814
429, 428, 0, 2656.68, 131.5707323077591
430, 429, 0, 2446.6, 122.62365187842026
431, 430, 0, 2489.44, 88.3325896824043
432, 431, 0, 2496.36, 84.53585274899639
433, 432, 0, 2386.28, 89.25313215792485
434, 433, 0, 2651.32, 122.43421743940702
435, 434, 0, 2419.8, 62.02838060114096
436, 435, 0, 2493.32, 63.13079755555129
437, 436, 0, 2516.64, 116.09819292305974
438, 437, 0, 2441.48, 84.5719196896937
439, 438, 0, 2466.68, 106.21401790724238
440, 439, 0, 2632.12, 121.03134139552449
441, 440, 0, 2531.92, 59.01790914629219
442, 441, 0, 2661.04, 110.14262753357575
443, 442, 0, 2642.44, 144.7605139532186
444, 443, 0, 2528.52, 57.42829964399085
445, 444, 0, 2362.32, 108.74547162985685
446, 445, 0, 2478.64, 82.69359346406468
447, 446, 0, 2412.72, 83.76324731050008
448, 447, 0, 2359.68, 101.61445566453624
449, 448, 0, 2427.04, 81.30952219758767
450, 449, 0, 2436.16, 78.71197113527269
451, 450, 0, 2469.2, 96.87930635589831
452, 451, 0, 2829.96, 135.04413500778182
453, 452, 0, 2484.24, 28.670933015861205
454, 453, 0, 2482.96, 97.69686996009646
455, 454, 0, 2459.32, 100.89270340316983
456, 455, 0, 2450.28, 86.15730729311356
457, 456, 0, 2332.32, 79.03301588576764
458, 457, 0, 2450.84, 88.22230103550915
459, 458, 0, 2407.92, 93.54396613357807
460, 459, 0, 2753.28, 133.33522265328094
461, 460, 0, 2385.04, 93.06706399151098
462, 461, 0, 2501.04, 77.15826851349115
463, 462, 0, 2472.8, 96.83016059059284
464, 463, 0, 2481.68, 98.6909195417694
465, 464, 0, 2399.96, 88.04248065564714
466, 465, 0, 2479.32, 98.47790412067064
467, 466, 0, 2461.96, 76.5221432005142
468, 467, 0, 2461.04, 112.35817015241928
469, 468, 0, 2482.72, 58.88260863786521
470, 469, 0, 2363.16, 85.99892092346275
471, 470, 0, 2524.04, 109.92378450544724
472, 471, 0, 2491.92, 95.19072223699115
473, 472, 0, 2391.56, 75.51163089220097
474, 473, 0, 2428.88, 114.05132879541561
475, 474, 0, 2477.16, 96.94521339395773
476, 475, 0, 2451.52, 55.82122893666888
477, 476, 0, 2427.44, 83.48225200604018
478, 477, 0, 2506.04, 123.40874523306684
479, 478, 0, 2379.28, 98.56267853503171
480, 479, 0, 2437.44, 94.5147946090981
481, 480, 0, 2430.8, 94.1577399898702
482, 481, 0, 2519.36, 73.38603681900256
483, 482, 0, 2474.28, 106.7717265946374
484, 483, 0, 2433.88, 91.10315911097705
485, 484, 0, 2408.8, 57.11672259505091
486, 485, 0, 2588.44, 122.87720048894344
487, 486, 0, 2447.36, 107.86134803533656
488, 487, 0, 2444.48, 88.4760396943715
489, 488, 0, 2331.2, 96.36845957054621
490, 489, 0, 2440.44, 95.77602205145085
491, 490, 0, 2433.48, 81.7416026268142
492, 491, 0, 2436.48, 123.26787740526726
493, 492, 0, 2486.32, 103.93718102777275
494, 493, 0, 2505.36, 56.24366986603915
495, 494, 0, 2442.44, 128.89688281723497
496, 495, 0, 2469.88, 103.69313188442135
497, 496, 0, 2492.0, 88.25191216058721
498, 497, 0, 2515.2, 102.63878409256415
499, 498, 0, 2509.12, 89.64745172061501
500, 499, 0, 2631.32, 109.96134593574236
501, 500, 0, 2724.92, 134.8788849301476
502, 501, 0, 2479.08, 93.30505666897162
503, 502, 0, 2478.32, 31.032524873106933
504, 503, 0, 2496.76, 94.72118242505209
505, 504, 0, 2428.72, 96.15550738257274
506, 505, 0, 2367.48, 80.83074662527868
507, 506, 0, 2409.64, 70.00621686678977
508, 507, 0, 2475.08, 58.8570607489025
509, 508, 0, 2408.32, 74.98251529523401
510, 509, 0, 2311.96, 108.2642988246818
511, 510, 0, 2387.64, 105.42367096624932
512, 511, 0, 2497.4, 37.95470985266519
513, 512, 0, 2446.72, 106.95513825899157
514, 513, 0, 2461.44, 87.670784187208
515, 514, 0, 2406.48, 98.98974492340103
516, 515, 0, 2637.76, 142.4980785835374
517, 516, 0, 2492.8, 83.78687248012065
518, 517, 0, 2377.68, 99.6653279731723
519, 518, 0, 2401.72, 102.69703793196764
520, 519, 0, 2451.64, 105.13149100055607
521, 520, 0, 2479.44, 30.163660255346997
522, 521, 0, 2398.48, 89.31253887332954
523, 522, 0, 2441.96, 96.02852909422282
524, 523, 0, 2682.88, 132.02827575939938
525, 524, 0, 2373.32, 112.46714008989468
526, 525, 0, 2660.08, 130.55264685175862
527, 526, 0, 2384.88, 83.63076945718005
528, 527, 0, 2368.12, 111.86717838579823
529, 528, 0, 2388.16, 83.58979842062067
530, 529, 0, 2539.32, 83.57163155042505
531, 530, 0, 2447.56, 114.28353512208135
532, 531, 0, 2544.24, 81.02655367223758
533, 532, 0, 2513.36, 84.25526927142302
534, 533, 0, 2507.96, 85.42106531763696
535, 534, 0, 2476.92, 59.81566350045781
536, 535, 0, 2406.56, 84.62202077473688
537, 536, 0, 2574.44, 106.93066164575997
538, 537, 0, 2454.2, 88.89139440913277
539, 538, 0, 2345.2, 64.82592074162926
540, 539, 0, 2388.88, 76.20672936165153
541, 540, 0, 2477.92, 84.80656578355241
542, 541, 0, 2359.12, 109.35861008626617
543, 542, 0, 2472.52, 92.59594807549627
544, 543, 0, 2467.56, 91.85731544085098
545, 544, 0, 2358.24, 97.898020408995
546, 545, 0, 2427.12, 110.31058698057953
547, 546, 0, 2344.64, 114.07467028223223
548, 547, 0, 2782.32, 118.77094594217897
549, 548, 0, 2492.92, 84.72398479769468
550, 549, 0, 2473.4, 75.87621498203505
551, 550, 0, 2453.08, 107.15667781337756
552, 551, 0, 2675.6, 133.1975975759323
553, 552, 0, 2408.96, 55.47646708289921
554, 553, 0, 2416.92, 107.49545850872026
555, 554, 0, 2345.44, 98.27067924869554
556, 555, 0, 2452.48, 99.6466236256904
557, 556, 0, 2502.28, 83.79523614144183
558, 557, 0, 2423.72, 84.66948446754591
559, 558, 0, 2455.0, 66.37891231407758
560, 559, 0, 2397.92, 102.16023492533677
561, 560, 0, 2470.04, 112.90650291280834
562, 561, 0, 2607.28, 104.03134912131053
563, 562, 0, 2460.6, 91.20745583558396
564, 563, 0, 2334.0, 101.65195521975954
565, 564, 0, 2437.52, 92.14081397513266
566, 565, 0, 2494.12, 97.87024879911156
567, 566, 0, 2402.0, 104.22590848728545
568, 567, 0, 2623.44, 105.22018057388041
569, 568, 0, 2730.6, 133.6395151143553
570, 569, 0, 2433.12, 60.85018981071464
571, 570, 0, 2665.8, 104.43907314793637
572, 571, 0, 2633.6, 144.06443003045547
573, 572, 0, 2382.6, 96.04249059661042
574, 573, 0, 2439.68, 102.09944955777185
575, 574, 0, 2398.48, 89.07305765493851
576, 575, 0, 2657.16, 149.98498058139023
577, 576, 0, 2439.32, 64.4023105175583
578, 577, 0, 2430.04, 106.66938829861171
579, 578, 0, 2638.12, 156.17178234239373
580, 579, 0, 2466.4, 79.4712526640923
581, 580, 0, 2411.28, 113.07927130999738
582, 581, 0, 2420.64, 92.29902708046276
583, 582, 0, 2311.56, 88.84101755383038
584, 583, 0, 2549.28, 151.90537054363813
585, 584, 0, 2433.28, 84.71813029098315
586, 585, 0, 2482.36, 85.59059761445762
587, 586, 0, 2416.08, 103.32508698278457
588, 587, 0, 2432.08, 81.7972713481324
589, 588, 0, 2383.92, 36.82599082170089
590, 589, 0, 2388.8, 80.82920264359905
591, 590, 0, 2447.72, 100.64651807191345
592, 591, 0, 2663.12, 136.74598933789613
593, 592, 0, 2378.04, 105.93110213719103
594, 593, 0, 2402.24, 83.55370967228207
595, 594, 0, 2466.2, 55.302079526903874
596, 595, 0, 2411.16, 100.65890124574177
597, 596, 0, 2481.44, 122.60018923313292
598, 597, 0, 2384.16, 61.401420179015396
599, 598, 0, 2422.88, 125.52683219136853
600, 599, 0, 2493.68, 105.27857141887895
601, 600, 0, 2448.32, 87.41886295302633
602, 601, 0, 2476.52, 101.94748452021759
603, 602, 0, 2486.92, 89.80909530776935
604, 603, 0, 2379.04, 87.60067579648002
605, 604, 0, 2444.2, 74.27408700213014
606, 605, 0, 2541.88, 93.44530806840973
607, 606, 0, 2394.84, 64.43457456986893
608, 607, 0, 2511.2, 105.72492610543645
609, 608, 0, 2386.6, 84.45069567505057
610, 609, 0, 2429.4, 117.75669832328012
611, 610, 0, 2438.44, 76.57418886282767
612, 611, 0, 2557.84, 95.8898034203846
613, 612, 0, 2565.32, 114.23649854578002
614, 613, 0, 2447.16, 83.74230949764879
615, 614, 0, 2487.88, 107.34032606620866
616, 615, 0, 2492.12, 79.86704952607177
617, 616, 0, 2426.8, 68.39824559153546
618, 617, 0, 2436.88, 66.1406501328797
619, 618, 0, 2494.24, 103.04184780951863
620, 619, 0, 2464.28, 93.02968128506085
621, 620, 0, 2363.12, 22.879370620714198
622, 621, 0, 2356.84, 105.66690304915727
623, 622, 0, 2490.64, 79.07357586450735
624, 623, 0, 2494.6, 98.69062772117725
625, 624, 0, 2454.84, 106.99296425466488
626, 625, 0, 2389.32, 87.77458402066055
627, 626, 0, 2503.56, 129.1238413307163
628, 627, 0, 2314.12, 121.49940575986369
629, 628, 0, 2460.08, 92.84995207322403
630, 629, 0, 2515.56, 65.32263313737437
631, 630, 0, 2361.16, 102.654636524611
632, 631, 0, 2654.0, 91.2811042877988
633, 632, 0, 2439.16, 82.27596489862636
634, 633, 0, 2511.92, 123.93124545488921
635, 634, 0, 2414.4, 64.00312492370979
636, 635, 0, 2415.84, 81.04748237915844
637, 636, 0, 2522.28, 107.71314497311829
638, 637, 0, 2405.92, 39.24886749958526
639, 638, 0, 2455.64, 74.09986774617077
640, 639, 0, 3374.52, 88.96611489775195
641, 0, 1, 2354.56, 71.33306666616822
642, 639, 1, 2602.88, 94.20416975909293
643, 0, 2, 2387.28, 99.89815613914001
644, 639, 2, 2624.48, 92.72804106633549
645, 0, 3, 2530.32, 90.65482667789948
646, 639, 3, 2840.0, 103.85643937667034
647, 0, 4, 2490.64, 91.53966571929352
648, 639, 4, 2636.64, 101.33148770249058
649, 0, 5, 2431.12, 93.26963921877258
650, 381, 5, 4155.8, 132.2518808939971
651, 639, 5, 2667.8, 132.4564834200274
652, 0, 6, 2381.64, 110.83063836322516
653, 639, 6, 2697.64, 126.87943253340944
654, 0, 7, 2478.8, 119.43835229941847
655, 639, 7, 2788.56, 106.41544248839077
656, 0, 8, 2438.8, 111.46802232030493
657, 639, 8, 2665.72, 105.61610483254907
658, 0, 9, 2401.4, 117.14128221937818
659, 639, 9, 2691.04, 123.81517839101959
660, 0, 10, 2649.36, 33.22875862863371
661, 109, 10, 2013.4, 58.09647149354254
662, 639, 10, 2704.96, 118.60201684625773
663, 0, 11, 2411.24, 76.96195423714238
664, 639, 11, 2636.8, 125.20095846278493
665, 0, 12, 2419.28, 111.32385907791735
666, 639, 12, 2759.0, 120.00166665509275
667, 0, 13, 2514.48, 83.83179349149104
668, 639, 13, 2713.72, 115.81036913851887
669, 0, 14, 2471.76, 116.55360311890834
670, 639, 14, 2646.6, 117.48191350161096
671, 0, 15, 2455.36, 102.94964982941903
672, 639, 15, 2657.72, 98.85768356582103
673, 0, 16, 2450.16, 96.83126767733653
674, 639, 16, 2371.32, 84.21198014534512
675, 0, 17, 2478.56, 109.81696772357175
676, 639, 17, 2604.08, 91.98257226235847
677, 0, 18, 2465.8, 114.4587261854683
678, 639, 18, 2491.92, 57.01432802375206
679, 0, 19, 2579.56, 28.638547449198605
680, 639, 19, 2627.6, 102.68203348200697
681, 0, 20, 2451.6, 113.13814564504757
682, 639, 20, 2684.32, 88.66508670271517
683, 0, 21, 2478.24, 81.60013725478653
684, 639, 21, 2548.4, 100.67055180140814
685, 0, 22, 2507.52, 84.51135781656807
686, 639, 22, 2631.64, 80.14031694471892
687, 0, 23, 2430.32, 105.96290671739804
688, 639, 23, 2730.24, 98.4618829801665
689, 0, 24, 2373.44, 95.80608748926136
690, 98, 24, 2018.6, 57.04594639411289
691, 639, 24, 2598.84, 97.53468306197543
692, 0, 25, 2475.56, 107.92481827642796
693, 639, 25, 2520.56, 88.21250704973757
694, 0, 26, 2458.32, 99.58221527963715
695, 108, 26, 2290.52, 107.89072990762459
696, 639, 26, 2685.4, 126.49521730089245
697, 0, 27, 2333.48, 118.15688553783059
698, 639, 27, 2716.64, 104.94603565642679
699, 0, 28, 2635.64, 34.01397359909599
700, 639, 28, 2665.2, 96.7669365020925
701, 0, 29, 2351.72, 110.59060357914683
702, 639, 29, 2716.76, 131.77383048238372
703, 0, 30, 2604.08, 79.03311710922199
704, 639, 30, 2558.48, 60.90262391720081
705, 0, 31, 2445.16, 70.62729217519244
706, 639, 31, 2663.24, 106.3606242930155
707, 0, 32, 2269.56, 93.52393490438692
708, 639, 32, 2773.52, 114.21177522479897
709, 0, 33, 2550.16, 58.173313469322
710, 639, 33, 2761.44, 117.16623404377216
711, 0, 34, 2493.08, 83.55928195000243
712, 639, 34, 2685.12, 133.16675861490359
713, 0, 35, 2457.28, 105.85859247127745
714, 639, 35, 2683.04, 107.65481131839859
715, 0, 36, 2497.52, 105.62011929552058
716, 639, 36, 2654.96, 109.57973535284707
717, 0, 37, 2373.84, 108.56396455546381
718, 639, 37, 2664.64, 119.75470930197277
719, 0, 38, 2403.56, 115.03845617879267
720, 639, 38, 2572.28, 107.95536855571379
721, 0, 39, 2337.24, 111.7072173138334
722, 639, 39, 2663.36, 120.30889576419527
723, 0, 40, 2536.12, 91.73671892977205
724, 639, 40, 2682.76, 101.37308518536861
725, 0, 41, 2392.52, 97.70204501442127
726, 322, 41, 3927.04, 64.89960246411377
727, 639, 41, 2680.92, 117.23409742903299
728, 0, 42, 2462.96, 114.96276962564882
729, 639, 42, 2646.04, 111.05655496187518
730, 0, 43, 2477.88, 110.20937165232365
731, 639, 43, 2605.04, 102.8900306152156
732, 0, 44, 2416.08, 105.43241247358424
733, 639, 44, 2699.08, 127.59652659849327
734, 0, 45, 2338.56, 103.52471395758599
735, 639, 45, 2653.76, 81.94060287793836
736, 0, 46, 2418.36, 89.93903713071427
737, 639, 46, 2612.16, 88.04029986318766
738, 0, 47, 2356.28, 103.10209309223552
739, 639, 47, 2550.64, 80.82369949464079
740, 0, 48, 2490.92, 102.98190909086897
741, 639, 48, 2584.04, 76.39396834829304
742, 0, 49, 2520.56, 72.30606060352065
743, 639, 49, 2648.08, 117.12144807847963
744, 0, 50, 2454.52, 93.36728334914751
745, 639, 50, 2693.72, 105.70052790785864
746, 0, 51, 2461.6, 86.16588652129101
747, 639, 51, 2725.32, 129.27357657309554
748, 0, 52, 2529.68, 97.53059827561809
749, 639, 52, 2802.6, 109.01412752483047
750, 0, 53, 2442.6, 89.46239433415583
751, 639, 53, 2698.28, 128.13321817545986
752, 0, 54, 2477.04, 117.56002041510541
753, 639, 54, 2666.68, 83.61278371158323
754, 0, 55, 2313.64, 102.71937694515093
755, 639, 55, 2700.96, 126.08774087911958
756, 0, 56, 2399.84, 96.44342590347979
757, 639, 56, 2683.76, 98.78594231974506
758, 0, 57, 2345.72, 116.02293566360059
759, 639, 57, 2578.68, 110.90346072147615
760, 0, 58, 2371.16, 85.79728667038368
761, 639, 58, 2622.36, 123.30446220636138
762, 0, 59, 2411.64, 114.6535232777432
763, 639, 59, 2732.56, 116.2779703985239
764, 0, 60, 2388.64, 107.08085916726667
765, 639, 60, 2661.88, 108.56456880584936
766, 0, 61, 2443.8, 102.25341070106171
767, 639, 61, 2701.08, 111.04662804425895
768, 0, 62, 2380.52, 101.86348511611018
769, 639, 62, 2663.2, 116.53085428331845
770, 0, 63, 2323.8, 95.86699119092034
771, 639, 63, 2799.88, 106.00955428639439
772, 0, 64, 2473.2, 88.46603868151891
773, 639, 64, 2650.72, 98.40712169350346
774, 0, 65, 2630.28, 33.58037522125088
775, 639, 65, 2655.48, 109.29341059734571
776, 0, 66, 2445.84, 99.43386948117829
777, 639, 66, 2639.4, 95.1701633916849
778, 0, 67, 2493.8, 113.5214517172856
779, 639, 67, 2834.88, 132.54925725932983
780, 0, 68, 2561.68, 60.35542726217751
781, 639, 68, 2713.12, 99.62181287248289
782, 0, 69, 2441.16, 124.70531023176198
783, 639, 69, 2641.04, 120.34001163370395
784, 0, 70, 2562.12, 29.417437005966356
785, 639, 70, 2723.32, 121.62227427572631
786, 0, 71, 2461.72, 70.923350174678
787, 639, 71, 2674.88, 112.38587811642529
788, 0, 72, 2511.28, 98.68029995900905
789, 639, 72, 2710.32, 124.22293508044318
790, 0, 73, 2398.4, 97.23620724812336
791, 639, 73, 2684.24, 109.76457716403776
792, 0, 74, 2420.44, 110.0694617048707
793, 639, 74, 2822.44, 123.47277594676486
794, 0, 75, 2395.84, 114.64263779240252
795, 639, 75, 2433.24, 70.72554276921457
796, 0, 76, 2422.48, 92.9034423474179
797, 639, 76, 2704.04, 123.2631266843414
798, 0, 77, 2341.4, 93.83133804864983
799, 639, 77, 2619.08, 99.87829393817256
800, 0, 78, 2488.12, 90.81247491396763
801, 639, 78, 2761.28, 121.2895774582466
802, 0, 79, 2419.48, 64.98930373530709
803, 639, 79, 2735.88, 100.4017211007859
804, 0, 80, 2431.76, 94.35180125466604
805, 639, 80, 2625.76, 103.96702554175529
806, 0, 81, 2428.2, 109.9170596404398
807, 639, 81, 2638.48, 122.11113626528908
808, 0, 82, 2438.28, 120.0987993278867
809, 639, 82, 2747.8, 110.55641094029782
810, 0, 83, 2370.96, 105.91297559789356
811, 639, 83, 2714.04, 125.70679536126916
812, 0, 84, 2335.8, 103.02543375303013
813, 148, 84, 81.92, 119.41789480643175
814, 639, 84, 2775.12, 110.92675781794038
815, 0, 85, 2455.96, 102.3169506973307
816, 639, 85, 2725.24, 137.26100101631198
817, 0, 86, 2512.52, 82.50823958854049
818, 639, 86, 2796.6, 123.8650878980837
819, 0, 87, 2472.28, 112.56660961404141
820, 639, 87, 2715.52, 120.2783837603416
821, 0, 88, 2545.76, 58.610770341294774
822, 639, 88, 2733.92, 110.78661290968326
823, 0, 89, 2376.6, 114.15813593432577
824, 639, 89, 2621.12, 132.70247021061815
825, 0, 90, 2366.16, 100.9113194839905
826, 639, 90, 2660.24, 110.24600854452736
827, 0, 91, 2647.12, 32.87347867202374
828, 639, 91, 2718.2, 88.49316357775895
829, 0, 92, 2355.84, 95.40426824833362
830, 639, 92, 2662.12, 61.73123682545166
831, 0, 93, 2597.4, 30.675071312060556
832, 639, 93, 2618.24, 108.6499995398067
833, 0, 94, 2564.72, 34.362211803083916
834, 639, 94, 2654.4, 88.57990742826502
835, 0, 95, 2628.72, 35.58485070925548
836, 639, 95, 2651.32, 97.93659990013948
837, 0, 96, 2456.24, 101.51739949387988
838, 639, 96, 2823.52, 108.53022436169567
839, 0, 97, 2408.52, 102.33283734950379
840, 639, 97, 2776.36, 115.83743091073798
841, 0, 98, 2498.6, 107.69661090303632
842, 639, 98, 2751.2, 124.33760493109074
843, 0, 99, 2469.84, 120.90944710815612
844, 639, 99, 2628.08, 97.86640690247087
845, 0, 100, 2586.44, 31.284603241850466
846, 639, 100, 2686.6, 110.96485930239356
847, 0, 101, 2616.4, 32.50846043724618
848, 639, 101, 2731.96, 131.126955276175
849, 0, 102, 2395.64, 126.52679716170802
850, 639, 102, 2518.64, 75.25204581936626
851, 0, 103, 2435.68, 97.3553162390221
852, 639, 103, 2756.36, 129.3741488860893
853, 0, 104, 2528.04, 89.71888541438753
854, 639, 104, 2734.4, 95.7601169589929
855, 0, 105, 2324.68, 110.51686568121627
856, 639, 105, 2768.28, 118.48055367865227
857, 0, 106, 2441.04, 102.03704425354549
858, 639, 106, 2788.72, 59.5029545484928
859, 0, 107, 2454.32, 110.10748203460109
860, 639, 107, 2661.72, 112.92210412492321
861, 0, 108, 2595.04, 33.27398984191707
862, 639, 108, 2785.12, 111.01542955823751
863, 0, 109, 2455.92, 79.82075920460791
864, 639, 109, 2737.48, 109.33475934029396
865, 0, 110, 2503.64, 86.33603187545742
866, 639, 110, 2647.2, 112.6644575720311
867, 0, 111, 2456.8, 84.87496686302741
868, 639, 111, 2680.4, 77.50664487642334
869, 0, 112, 2443.84, 105.05491135591897
870, 639, 112, 2758.72, 154.7406914809418
871, 0, 113, 2411.36, 96.60264178582283
872, 639, 113, 2660.72, 98.27574268353304
873, 0, 114, 2563.44, 72.38402033598301
874, 639, 114, 2714.52, 85.8622711090267
875, 0, 115, 2566.28, 63.03492365347959
876, 639, 115, 2530.12, 55.42224824021488
877, 0, 116, 2471.24, 85.02154079996434
878, 639, 116, 2669.12, 87.19831191026579
879, 0, 117, 2560.32, 27.579296582762943
880, 639, 117, 2637.88, 132.072198437067
881, 0, 118, 2430.36, 98.79549787313186
882, 639, 118, 2605.88, 88.53759427497452
883, 0, 119, 2607.52, 34.27899648472809
884, 639, 119, 2717.6, 128.2107639786925
885, 0, 120, 2283.44, 101.87524920214919
886, 639, 120, 2725.44, 122.87459623534882
887, 0, 121, 2468.88, 98.19544592291437
888, 639, 121, 2668.32, 109.66630111387909
889, 0, 122, 2527.2, 72.91913329161284
890, 639, 122, 2733.64, 124.08702752503986
891, 0, 123, 2498.96, 105.67023421948115
892, 639, 123, 2718.72, 108.98752956187235
893, 0, 124, 2593.48, 30.306593342043573
894, 639, 124, 2655.8, 84.30231313552434
895, 0, 125, 2627.0, 31.87977415227404
896, 639, 125, 2717.92, 132.98809570784897
897, 0, 126, 2439.64, 95.8339730993138
898, 639, 126, 2673.8, 91.94694122155451
899, 0, 127, 2544.24, 95.11394429840453
900, 639, 127, 2697.92, 92.36229533743735
901, 0, 128, 2539.2, 83.65070232819328
902, 639, 128, 2623.16, 101.46198499930897
903, 0, 129, 2437.24, 117.5735616539705
904, 639, 129, 2564.2, 56.176863564994434
905, 0, 130, 2462.88, 105.86191760968624
906, 639, 130, 2808.8, 115.17708105348042
907, 0, 131, 2598.68, 31.175272252219383
908, 639, 131, 2704.36, 95.63969050556364
909, 0, 132, 2419.84, 111.56116887161052
910, 639, 132, 2740.56, 97.72781794351086
911, 0, 133, 2424.68, 105.30554401359882
912, 639, 133, 2549.56, 31.405833852964328
913, 0, 134, 2545.44, 79.00383788145992
914, 639, 134, 2761.36, 123.69733384353924
915, 0, 135, 2505.84, 110.7995234646792
916, 639, 135, 2730.48, 109.72260295855179
917, 0, 136, 2658.72, 34.28296369919028
918, 639, 136, 2578.52, 100.3035871741385
919, 0, 137, 2518.04, 88.74749799290117
920, 639, 137, 2516.12, 59.67734578548211
921, 0, 138, 2478.6, 100.76070662713714
922, 639, 138, 2807.72, 125.92268103880254
923, 0, 139, 2412.56, 99.02083821095437
924, 639, 139, 2659.64, 94.21205018467649
925, 0, 140, 2534.68, 92.50198700568546
926, 639, 140, 2545.6, 93.89398276780042
927, 0, 141, 2440.0, 101.29521212772102
928, 639, 141, 2666.0, 117.84668005506137
929, 0, 142, 2543.96, 78.97163034913234
930, 639, 142, 2797.28, 115.71707566301528
931, 0, 143, 2593.48, 79.51760559775427
932, 639, 143, 2815.08, 113.43894216714119
933, 0, 144, 2597.08, 77.73695131660362
934, 639, 144, 2729.64, 112.78577215234198
935, 0, 145, 2648.0, 32.91443452347313
936, 639, 145, 2637.52, 94.79329934125091
937, 0, 146, 2480.68, 108.40580058281013
938, 639, 146, 2673.52, 119.05800939038078
939, 0, 147, 2436.16, 114.8235794599698
940, 639, 147, 2783.64, 108.67304357567245
941, 0, 148, 2504.6, 95.14452164996153
942, 639, 148, 2765.28, 100.47428327686642
943, 0, 149, 2423.96, 105.08414913772675
944, 639, 149, 2698.24, 109.5621394460696
945, 0, 150, 2609.48, 79.98805910884451
946, 639, 150, 2613.08, 129.35931972610246
947, 0, 151, 2436.92, 100.53016263788695
948, 639, 151, 2783.8, 121.73709377178345
949, 0, 152, 2542.0, 77.21916860469297
950, 639, 152, 2684.84, 113.91248570723053
951, 0, 153, 2487.32, 101.54869570801979
952, 639, 153, 2531.2, 57.12792662087432
953, 0, 154, 2601.48, 28.819604438645577
954, 639, 154, 2705.52, 78.97094149115863
955, 0, 155, 2466.72, 91.67530528991982
956, 536, 155, 600.24, 99.39628966918232
957, 639, 155, 2677.16, 120.0035599471949
958, 0, 156, 2469.08, 105.03596336493516
959, 639, 156, 2678.28, 119.47067255188615
960, 0, 157, 2584.24, 72.60373544109144
961, 639, 157, 2683.72, 109.81530676549605
962, 0, 158, 2502.6, 94.05530288080519
963, 639, 158, 2675.4, 113.62182888864271
964, 0, 159, 2562.36, 73.57873605872827
965, 639, 159, 2736.2, 122.84722219081716
966, 0, 160, 2470.08, 110.35938383300262
967, 639, 160, 2771.48, 90.71410915618362
968, 0, 161, 2640.56, 27.03786973857223
969, 639, 161, 2722.56, 76.07316478233305
970, 0, 162, 2548.52, 109.59164931690734
971, 639, 162, 2796.96, 95.85968078394588
972, 0, 163, 2622.88, 36.45964344312763
973, 639, 163, 2772.32, 70.13570845154415
974, 0, 164, 2642.36, 29.709096250138593
975, 639, 164, 2822.52, 90.95014898283564
976, 0, 165, 2433.0, 101.91094151267566
977, 639, 165, 2673.52, 100.61933015082141
978, 0, 166, 2623.72, 33.83787227353399
979, 639, 166, 2797.64, 87.58807224731002
980, 0, 167, 2445.6, 109.85881848991458
981, 639, 167, 2741.56, 103.18995299931093
982, 0, 168, 2479.12, 102.920676251179
983, 639, 168, 2646.48, 105.30911451531628
984, 0, 169, 2497.88, 98.0841760938022
985, 639, 169, 2665.52, 80.86636878208394
986, 0, 170, 2609.16, 29.27890708342784
987, 639, 170, 2572.44, 92.00525202400132
988, 0, 171, 2410.68, 97.26118239050973
989, 639, 171, 2654.92, 106.57463863415163
990, 0, 172, 2391.64, 105.55714281847533
991, 639, 172, 2712.48, 89.72452061727607
992, 0, 173, 2565.68, 32.34157695598655
993, 639, 173, 2685.48, 111.20292082494954
994, 0, 174, 2475.52, 126.31868270370775
995, 639, 174, 2775.56, 115.12813035917851
996, 0, 175, 2560.04, 61.94415549509091
997, 639, 175, 2619.08, 70.61553370187043
998, 0, 176, 2556.4, 22.141364004956884
999, 639, 176, 2770.4, 108.58987061415996
1000, 0, 177, 2478.64, 114.64654552144168
1001, 639, 177, 2735.28, 97.92467309110611
1002, 0, 178, 2435.8, 93.89696480717575
1003, 639, 178, 2753.4, 96.44812076966558
1004, 0, 179, 2600.08, 32.98717326477063
1005, 639, 179, 2762.88, 118.21821179496838
1006, 0, 180, 2492.56, 115.64085091350721
1007, 639, 180, 2638.36, 104.45358012054925
1008, 0, 181, 2414.6, 91.40328221677821
1009, 639, 181, 2724.4, 113.3243133665499
1010, 0, 182, 2693.44, 32.37663354952148
1011, 639, 182, 2641.48, 77.98416249470145
1012, 0, 183, 2608.4, 33.629748735308745
1013, 639, 183, 2625.12, 140.7182489942225
1014, 0, 184, 2407.6, 102.04116816265874
1015, 639, 184, 2774.64, 125.51904397341464
1016, 0, 185, 2438.16, 95.45582433775321
1017, 347, 185, 767.92, 95.08939793688884
1018, 639, 185, 2679.68, 140.61570893751522
1019, 0, 186, 2575.24, 61.09682806823935
1020, 639, 186, 2662.48, 114.40983174535306
1021, 0, 187, 2441.8, 116.89242918170535
1022, 639, 187, 2520.44, 57.65974679098063
1023, 0, 188, 2472.16, 119.91319527057895
1024, 639, 188, 2651.04, 76.9781683336256
1025, 0, 189, 2432.68, 122.98283457458605
1026, 639, 189, 2689.56, 115.33709897513464
1027, 0, 190, 2488.24, 113.6645168907166
1028, 639, 190, 2620.36, 96.19766317328089
1029, 0, 191, 2501.2, 69.19306323613661
1030, 639, 191, 2779.2, 121.1243988633174
1031, 0, 192, 2359.12, 116.05044420423388
1032, 639, 192, 2728.16, 122.18434596952264
1033, 0, 193, 2414.6, 94.94714319030352
1034, 639, 193, 2730.32, 92.55948141600622
1035, 0, 194, 2476.44, 99.28910514250794
1036, 639, 194, 2680.84, 128.59072439332473
1037, 0, 195, 2684.72, 29.416349195642887
1038, 639, 195, 2677.4, 120.90624466916503
1039, 0, 196, 2480.52, 91.97309171708865
1040, 639, 196, 2493.56, 38.99649214993575
1041, 0, 197, 2495.68, 95.08678982908194
1042, 639, 197, 2816.68, 102.1961721396648
1043, 0, 198, 2606.72, 33.24397088195091
1044, 639, 198, 2744.36, 119.9929597934812
1045, 0, 199, 2603.12, 29.45955872038819
1046, 639, 199, 2771.56, 111.59321843194594
1047, 0, 200, 2554.44, 59.63762570726637
1048, 639, 200, 2722.96, 134.88765102855044
1049, 0, 201, 2575.04, 60.5894248198479
1050, 639, 201, 2703.96, 114.9324949698735
1051, 0, 202, 2573.96, 71.11876264390433
1052, 639, 202, 2693.32, 110.22403367687104
1053, 0, 203, 2509.2, 109.52406128335454
1054, 639, 203, 2816.76, 115.27021471308188
1055, 0, 204, 2614.4, 78.79796951698692
1056, 639, 204, 2743.04, 119.31989943006154
1057, 0, 205, 2522.16, 87.92072793147244
1058, 639, 205, 2745.0, 98.08853143971521
1059, 0, 206, 2453.64, 124.9207364691707
1060, 639, 206, 2718.24, 106.69405981590538
1061, 0, 207, 2464.68, 114.70160242995736
1062, 639, 207, 2709.48, 113.01543965317305
1063, 0, 208, 2454.28, 100.12612845806034
1064, 639, 208, 2723.44, 102.07686515562672
1065, 0, 209, 2584.08, 31.649227478723684
1066, 639, 209, 2684.32, 128.94486263515893
1067, 0, 210, 2477.36, 117.72913997817194
1068, 639, 210, 2678.68, 111.78540870793469
1069, 0, 211, 2707.56, 44.728585937854106
1070, 639, 211, 2558.88, 64.3498686867347
1071, 0, 212, 2539.64, 92.89903336418524
1072, 639, 212, 2668.68, 123.20412980091211
1073, 0, 213, 2563.6, 32.44934513977131
1074, 639, 213, 2599.44, 132.0951414700783
1075, 0, 214, 2581.8, 25.465270467835193
1076, 639, 214, 2677.88, 54.896498977621526
1077, 0, 215, 2590.56, 35.713392445971856
1078, 639, 215, 2574.76, 137.48375322197163
1079, 0, 216, 2443.76, 102.7701435242746
1080, 639, 216, 2570.72, 96.06103060034283
1081, 0, 217, 2424.44, 118.44224921876481
1082, 639, 217, 2725.92, 112.63247133930784
1083, 0, 218, 2584.96, 27.483056598566325
1084, 639, 218, 2733.52, 124.4235090326583
1085, 0, 219, 2445.36, 123.10544423379494
1086, 639, 219, 2627.96, 89.40983391104135
1087, 0, 220, 2658.4, 32.82559976603627
1088, 639, 220, 2781.92, 121.10323529947497
1089, 0, 221, 2598.4, 31.18204611631508
1090, 639, 221, 2640.92, 100.69952134940861
1091, 0, 222, 2588.6, 27.157319455351264
1092, 639, 222, 2622.08, 103.73964333850391
1093, 0, 223, 2592.68, 32.68604595236323
1094, 639, 223, 2729.8, 111.99642851448432
1095, 0, 224, 2413.32, 118.84400531789562
1096, 639, 224, 2772.36, 126.27680071968882
1097, 0, 225, 2454.64, 126.23339653197962
1098, 639, 225, 2691.84, 98.06474595898364
1099, 0, 226, 2556.04, 59.80801284109011
1100, 639, 226, 2622.92, 54.45799849425243
1101, 0, 227, 2498.32, 94.6592710726213
1102, 639, 227, 2669.88, 84.80675444798015
1103, 0, 228, 2646.2, 37.22149916378973
1104, 639, 228, 2722.32, 107.27673373103787
1105, 0, 229, 2548.2, 58.38218906481668
1106, 639, 229, 2595.0, 84.96116760026312
1107, 0, 230, 2376.44, 100.88491661294071
1108, 639, 230, 2724.8, 118.12264812473516
1109, 0, 231, 2486.12, 82.36956719565788
1110, 639, 231, 2750.92, 97.13574831131946
1111, 0, 232, 2523.36, 101.6574168469768
1112, 639, 232, 2681.72, 102.0362759022496
1113, 0, 233, 2551.56, 27.176578151047647
1114, 639, 233, 2718.16, 101.60105511263158
1115, 0, 234, 2619.6, 78.80203043069388
1116, 639, 234, 2774.68, 121.49031895587402
1117, 0, 235, 2468.0, 104.29611689799385
1118, 639, 235, 2682.24, 114.35148621683935
1119, 0, 236, 2422.56, 70.77122579127763
1120, 639, 236, 2513.48, 127.43566847629434
1121, 0, 237, 2537.88, 76.41116148835849
1122, 639, 237, 2548.12, 111.08566784243592
1123, 0, 238, 2499.4, 106.09052738110034
1124, 639, 238, 2668.36, 108.37338418633979
1125, 0, 239, 2474.32, 100.51257433774144
1126, 639, 239, 2482.96, 76.54095896969152
1127, 0, 240, 2524.12, 84.78363993129805
1128, 639, 240, 2626.92, 78.12191497908893
1129, 0, 241, 2438.28, 93.55918768351937
1130, 639, 241, 2647.16, 83.42358419535809
1131, 0, 242, 2486.8, 97.76870664992964
1132, 639, 242, 2773.52, 115.58758410832887
1133, 0, 243, 2424.92, 101.99408610306776
1134, 639, 243, 2674.88, 112.41648277721555
1135, 0, 244, 2400.48, 61.64292011253198
1136, 639, 244, 2688.04, 76.69392674782013
1137, 0, 245, 2368.2, 102.27687910764583
1138, 639, 245, 2705.28, 82.45605860092999
1139, 0, 246, 2540.04, 73.9229220201691
1140, 639, 246, 2595.4, 88.3157970014425
1141, 0, 247, 2452.96, 97.12115320567399
1142, 639, 247, 2736.68, 96.39448946905627
1143, 0, 248, 2499.28, 113.69556543682783
1144, 639, 248, 2695.48, 121.71807425357993
1145, 0, 249, 2642.16, 12.60691873536115
1146, 639, 249, 2846.96, 118.06590701807188
1147, 0, 250, 2564.68, 57.080098107834395
1148, 639, 250, 2806.6, 115.77702708223252
1149, 0, 251, 2578.64, 15.390594530426693
1150, 639, 251, 2691.24, 130.6097331748289
1151, 0, 252, 2439.56, 121.9977311264435
1152, 639, 252, 2677.8, 112.66055210232194
1153, 0, 253, 2580.12, 15.857666915407199
1154, 639, 253, 2554.68, 54.90116210063317
1155, 0, 254, 2601.72, 17.402344669612773
1156, 639, 254, 2854.28, 125.70521707550567
1157, 0, 255, 2531.4, 87.41350010152894
1158, 639, 255, 2725.64, 102.85713587301564
1159, 0, 256, 2678.88, 19.183993327771987
1160, 639, 256, 2649.16, 105.05719585064128
1161, 0, 257, 2512.52, 95.18870521233073
1162, 54, 257, 142.32, 79.48922945909088
1163, 639, 257, 2748.24, 99.78628362655861
1164, 0, 258, 2478.28, 107.52172617661977
1165, 639, 258, 2751.36, 90.65445604050582
1166, 0, 259, 2484.28, 79.5711103353472
1167, 639, 259, 2632.96, 75.0906012760585
1168, 0, 260, 2544.32, 74.01822478281954
1169, 639, 260, 2759.4, 112.36191525601545
1170, 0, 261, 2438.2, 80.4154214065934
1171, 639, 261, 2696.56, 103.58149641707249
1172, 0, 262, 2477.36, 98.37311827933482
1173, 639, 262, 2707.72, 117.78065036329183
1174, 0, 263, 2427.04, 90.10992398176795
1175, 639, 263, 2712.52, 95.16348879691203
1176, 0, 264, 2475.28, 96.10349421326988
1177, 639, 264, 2506.48, 78.88377272925021
1178, 0, 265, 2508.36, 95.05614341009212
1179, 639, 265, 2777.6, 117.46999616923465
1180, 0, 266, 2456.84, 68.72011641433677
1181, 639, 266, 2764.48, 125.2310249099639
1182, 0, 267, 2477.88, 115.83447500636413
1183, 639, 267, 2657.44, 124.74135801729915
1184, 0, 268, 2481.44, 88.25920008701641
1185, 639, 268, 2605.24, 96.0363597810746
1186, 0, 269, 2425.08, 113.07269166337203
1187, 639, 269, 2747.36, 114.6772444733479
1188, 0, 270, 2468.16, 111.29301146073817
1189, 639, 270, 2846.68, 90.47639250102759
1190, 0, 271, 2522.32, 83.11905678001885
1191, 639, 271, 2632.88, 110.31892675330015
1192, 0, 272, 2653.48, 19.702020200984467
1193, 639, 272, 2683.56, 73.35125356802023
1194, 0, 273, 2578.2, 15.29444343544413
1195, 639, 273, 2742.8, 106.72206894546227
1196, 0, 274, 2517.24, 84.5885476882066
1197, 639, 274, 2730.2, 112.72337823184682
1198, 0, 275, 2485.4, 90.06486551369518
1199, 639, 275, 2716.8, 106.62419987976463
1200, 0, 276, 2442.6, 84.34073748788305
1201, 639, 276, 2734.24, 118.60565922417022
1202, 0, 277, 2523.08, 101.6180771319749
1203, 639, 277, 2703.08, 119.41990453856509
1204, 0, 278, 2613.64, 13.154102021802935
1205, 639, 278, 2599.04, 83.81144551909364
1206, 0, 279, 2517.12, 95.47369061683956
1207, 639, 279, 2636.32, 110.72803439057338
1208, 0, 280, 2554.36, 76.8415929038434
1209, 639, 280, 2652.92, 88.12623672891064
1210, 0, 281, 2515.32, 83.4087381513472
1211, 639, 281, 2716.76, 112.43354659531114
1212, 0, 282, 2560.36, 54.181827211713696
1213, 639, 282, 2765.4, 107.27012631669639
1214, 0, 283, 2410.72, 97.5735701919326
1215, 639, 283, 2740.44, 101.48539993516309
1216, 0, 284, 2517.68, 86.72195569750488
1217, 639, 284, 2725.76, 126.32411646237625
1218, 0, 285, 2426.52, 111.39124561652051
1219, 639, 285, 2637.92, 98.78377194661074
1220, 0, 286, 2532.04, 72.24263561083579
1221, 639, 286, 2718.92, 47.78361225357497
1222, 0, 287, 2480.64, 104.73466665817962
1223, 639, 287, 2807.2, 129.6962605474807
1224, 0, 288, 2437.88, 87.08722983308174
1225, 639, 288, 2735.72, 124.45224626337605
1226, 0, 289, 2431.2, 81.19507374219201
1227, 639, 289, 2690.56, 75.43266136097812
1228, 0, 290, 2395.36, 104.7801049818142
1229, 639, 290, 2799.44, 118.82426688181164
1230, 0, 291, 2373.28, 94.1783499536916
1231, 639, 291, 2733.76, 120.85438510869186
1232, 0, 292, 2506.96, 104.7914042276369
1233, 639, 292, 2769.36, 117.19825254669969
1234, 0, 293, 2496.64, 88.56133693661135
1235, 639, 293, 2769.0, 95.70412739270967
1236, 0, 294, 2541.6, 90.01377672334385
1237, 639, 294, 2744.52, 105.08439275173072
1238, 0, 295, 2425.28, 111.61631421974118
1239, 639, 295, 2781.92, 96.10157959159672
1240, 0, 296, 2496.84, 87.2512143181973
1241, 639, 296, 2771.36, 107.51032694583344
1242, 0, 297, 2424.2, 121.87797175864063
1243, 639, 297, 2714.0, 112.60301949770263
1244, 0, 298, 2556.24, 57.679306514555115
1245, 639, 298, 2783.24, 104.1361723898089
1246, 0, 299, 2471.04, 113.614956761863
1247, 639, 299, 2664.6, 116.4237089256308
1248, 0, 300, 2469.64, 114.15423951829383
1249, 639, 300, 2784.04, 121.0875650097895
1250, 0, 301, 2582.76, 15.700394899492181
1251, 639, 301, 2646.44, 82.5736422837215
1252, 0, 302, 2407.44, 115.19377760973029
1253, 639, 302, 2781.92, 105.89387895435694
1254, 0, 303, 2445.32, 104.66965940519725
1255, 639, 303, 2790.4, 119.52171350846673
1256, 0, 304, 2516.96, 80.94910993951694
1257, 639, 304, 2790.4, 94.77256987124493
1258, 0, 305, 2512.6, 96.10119666268469
1259, 639, 305, 2678.92, 113.47102537652508
1260, 0, 306, 2674.96, 19.7412866855228
1261, 639, 306, 2754.04, 108.52409133459722
1262, 0, 307, 2534.68, 69.56419768817865
1263, 639, 307, 2796.48, 107.3208721544882
1264, 0, 308, 2514.4, 82.55422460419575
1265, 639, 308, 2669.84, 90.88220067758041
1266, 0, 309, 2578.68, 58.13344648307032
1267, 639, 309, 2809.68, 114.08969103297633
1268, 0, 310, 2418.8, 108.19611822981452
1269, 639, 310, 2684.96, 107.57006274981903
1270, 0, 311, 2658.92, 15.997299772149052
1271, 639, 311, 2703.6, 132.47248770971277
1272, 0, 312, 2642.2, 11.278297743897348
1273, 216, 312, 3118.16, 109.50714314600668
1274, 639, 312, 2671.04, 87.00964544233013
1275, 0, 313, 2586.44, 16.594167650111288
1276, 639, 313, 2767.6, 117.84837716320068
1277, 0, 314, 2623.64, 16.70420306389982
1278, 639, 314, 2705.68, 99.5978794954993
1279, 0, 315, 2574.88, 58.2376647883481
1280, 639, 315, 2685.52, 121.6135255635655
1281, 0, 316, 2627.52, 12.448678644739768
1282, 639, 316, 2860.48, 47.113581905858105
1283, 0, 317, 2586.76, 12.384764834263107
1284, 639, 317, 2727.0, 95.35239902592907
1285, 0, 318, 2484.0, 99.27335997134378
1286, 639, 318, 2648.76, 83.2034999263853
1287, 0, 319, 2603.88, 18.968015183460814
1288, 639, 319, 2691.4, 101.81984089557399
1289, 0, 320, 2448.24, 117.3147151895277
1290, 639, 320, 2686.6, 93.40963547728896
1291, 0, 321, 2472.28, 93.84647888972712
1292, 639, 321, 2842.76, 111.68680495027154
1293, 0, 322, 2494.8, 90.1784896746447
1294, 639, 322, 2679.76, 105.66637308055955
1295, 0, 323, 2511.8, 68.40643244607922
1296, 639, 323, 2653.4, 95.8377796070005
1297, 0, 324, 2636.12, 16.02078649754749
1298, 639, 324, 2801.92, 102.90225264784051
1299, 0, 325, 2536.04, 89.95975989296548
1300, 639, 325, 2769.64, 134.18312263470395
1301, 0, 326, 2491.76, 101.86433330660934
1302, 639, 326, 2687.52, 83.80602364985467
1303, 0, 327, 2485.32, 110.60875914682345
1304, 106, 327, 722.64, 109.53351267990999
1305, 639, 327, 2811.48, 81.8711768573043
1306, 0, 328, 2586.72, 16.652975710064556
1307, 639, 328, 2685.0, 112.21158585458099
1308, 0, 329, 2569.64, 12.998092167699077
1309, 639, 329, 2720.76, 125.31664853482158
1310, 0, 330, 2584.88, 60.205195789067915
1311, 639, 330, 2799.8, 114.45278502509234
1312, 0, 331, 2563.24, 55.52244951368769
1313, 639, 331, 2629.48, 105.44918017699332
1314, 0, 332, 2658.04, 17.291570200534128
1315, 639, 332, 2819.24, 118.99152238710116
1316, 0, 333, 2561.36, 54.38446837103401
1317, 639, 333, 2738.12, 121.17667102210723
1318, 0, 334, 2554.64, 55.84541521020325
1319, 639, 334, 2693.32, 93.2277726860403
1320, 0, 335, 2368.04, 99.3826866209603
1321, 639, 335, 2623.8, 75.52271181571807
1322, 0, 336, 2577.84, 10.898366850129426
1323, 639, 336, 2654.44, 66.92268972478617
1324, 0, 337, 2514.64, 95.32885397401985
1325, 639, 337, 2755.28, 121.13579817708718
1326, 0, 338, 2569.72, 13.358203472024224
1327, 639, 338, 2718.88, 50.680426201838515
1328, 0, 339, 2594.64, 16.44841633714322
1329, 639, 339, 2748.28, 107.03252589750464
1330, 0, 340, 2466.88, 102.24610310422592
1331, 639, 340, 2690.92, 113.141299267774
1332, 0, 341, 2622.72, 16.496108632038048
1333, 639, 341, 2651.32, 107.63334799215343
1334, 0, 342, 2628.44, 15.168599144284872
1335, 639, 342, 2749.16, 119.62397084196796
1336, 0, 343, 2572.96, 12.16381519096702
1337, 639, 343, 2546.8, 13.594116374373144
1338, 0, 344, 2596.96, 19.24054053294761
1339, 639, 344, 2718.12, 114.54337868248868
1340, 0, 345, 2487.4, 107.86955084730816
1341, 639, 345, 2784.88, 118.83141672133678
1342, 0, 346, 2638.48, 17.130370690676845
1343, 639, 346, 2634.64, 84.21680592375847
1344, 0, 347, 2560.76, 55.59012862010663
1345, 639, 347, 2782.44, 127.6285485304914
1346, 0, 348, 2588.48, 16.909452977550757
1347, 639, 348, 2786.88, 126.37731441995433
1348, 0, 349, 2556.4, 9.60832971957145
1349, 639, 349, 2674.88, 101.22383908941607
1350, 0, 350, 2540.0, 72.9213274700893
1351, 639, 350, 2841.24, 123.67126747955646
1352, 0, 351, 2652.72, 13.337226098405925
1353, 639, 351, 2701.84, 125.52822152806914
1354, 0, 352, 2510.36, 66.58881587774331
1355, 639, 352, 2750.08, 101.30860575489133
1356, 0, 353, 2556.0, 54.4426303552648
1357, 639, 353, 2609.16, 84.35007053938958
1358, 0, 354, 2722.16, 19.27211457002059
1359, 639, 354, 2555.8, 75.09567231205804
1360, 0, 355, 2566.64, 56.97148760564358
1361, 639, 355, 2732.84, 92.3388022447768
1362, 0, 356, 2541.16, 71.32050476545999
1363, 639, 356, 2761.2, 107.50144185079566
1364, 0, 357, 2574.52, 14.280392151478198
1365, 639, 357, 2746.32, 95.21836797593203
1366, 0, 358, 2574.56, 12.54776474118
1367, 639, 358, 2762.6, 89.35412693323124
1368, 0, 359, 2501.0, 103.92035411794939
1369, 639, 359, 2645.36, 114.91766791925427
1370, 0, 360, 2456.48, 114.53562589866962
1371, 639, 360, 2868.44, 118.26447649230938
1372, 0, 361, 2548.4, 74.47093392727125
1373, 639, 361, 2631.12, 103.31517603914732
1374, 0, 362, 2617.64, 21.800697236556445
1375, 639, 362, 2629.44, 104.97164569539719
1376, 0, 363, 2522.48, 99.68314601776972
1377, 639, 363, 2699.04, 74.84516283635168
1378, 0, 364, 2658.84, 17.560592245137975
1379, 639, 364, 2687.8, 106.35036436232834
1380, 0, 365, 2703.24, 19.960521035283627
1381, 639, 365, 2672.48, 67.10893830183875
1382, 0, 366, 2584.56, 15.030848279455153
1383, 639, 366, 2704.56, 97.1843938088827
1384, 0, 367, 2480.08, 107.70920851997755
1385, 639, 367, 2747.6, 79.52710229852462
1386, 0, 368, 2606.72, 15.521649396890787
1387, 639, 368, 2815.76, 108.25942176087955
1388, 0, 369, 2446.64, 118.78783776127925
1389, 639, 369, 2695.68, 129.54156707404772
1390, 0, 370, 2628.92, 22.60074335060686
1391, 639, 370, 2699.04, 130.22334045784572
1392, 0, 371, 2393.84, 95.19608395307024
1393, 639, 371, 2661.4, 102.48746264787708
1394, 0, 372, 2411.4, 129.54813777125474
1395, 639, 372, 2794.0, 117.4999574468008
1396, 0, 373, 2530.08, 85.64387660539427
1397, 639, 373, 2846.24, 118.93469804897137
1398, 0, 374, 2613.68, 16.06915056871395
1399, 639, 374, 2697.48, 103.62822781462587
1400, 0, 375, 2411.8, 106.65420760570113
1401, 639, 375, 2729.0, 108.75587340461203
1402, 0, 376, 2635.88, 12.12046203739775
1403, 639, 376, 2672.4, 91.84682901439767
1404, 0, 377, 2513.4, 94.40974525969233
1405, 639, 377, 2733.56, 120.58294406755876
1406, 0, 378, 2434.48, 114.85473259731181
1407, 639, 378, 2827.08, 90.62799567462584
1408, 0, 379, 2471.36, 94.06460758436192
1409, 639, 379, 2735.0, 86.79262641492076
1410, 0, 380, 2632.52, 12.126400949993362
1411, 639, 380, 2692.84, 87.0791272349465
1412, 0, 381, 2559.92, 53.47890799184291
1413, 639, 381, 2869.0, 123.0411313342006
1414, 0, 382, 2492.52, 104.52143129521333
1415, 639, 382, 2768.04, 101.45599243021577
1416, 0, 383, 2602.96, 18.522375657566172
1417, 639, 383, 2519.6, 85.71440952372011
1418, 0, 384, 2468.2, 113.99859648258833
1419, 639, 384, 2793.12, 111.96689510743792
1420, 0, 385, 2465.92, 104.04034602018585
1421, 639, 385, 2786.96, 112.71183788759724
1422, 0, 386, 2550.84, 76.09766356465879
1423, 639, 386, 2787.68, 85.68394015216622
1424, 0, 387, 2460.12, 118.29228884420151
1425, 639, 387, 2716.2, 109.63247694000167
1426, 0, 388, 2515.28, 95.83298805734903
1427, 639, 388, 2620.28, 94.43792458541219
1428, 0, 389, 2592.0, 12.983065893693986
1429, 639, 389, 2521.08, 110.62546542274973
1430, 0, 390, 2572.16, 12.466531193559819
1431, 639, 390, 2779.96, 119.38324170502322
1432, 0, 391, 2529.0, 84.95740109019343
1433, 639, 391, 2695.88, 124.82542048797593
1434, 0, 392, 2530.92, 86.57201395370215
1435, 639, 392, 2724.6, 113.17915002331479
1436, 0, 393, 2599.04, 18.38582062351311
1437, 639, 393, 2743.88, 118.43321155824492
1438, 0, 394, 2587.52, 16.61835130209974
1439, 639, 394, 2704.12, 101.78303198470755
1440, 0, 395, 2476.36, 106.25737809677028
1441, 639, 395, 2707.08, 111.19853236441567
1442, 0, 396, 2454.72, 92.29237021552757
1443, 639, 396, 2760.36, 123.5604726439649
1444, 0, 397, 2477.8, 96.55754760763138
1445, 639, 397, 2724.92, 103.91608922587493
1446, 0, 398, 2418.2, 106.40451118256217
1447, 639, 398, 2694.36, 100.72413017743068
1448, 0, 399, 2586.4, 11.433284742365158
1449, 639, 399, 2551.32, 11.722525325201907
1450, 0, 400, 2580.32, 14.304460842688194
1451, 639, 400, 2689.16, 103.33776850696943
1452, 0, 401, 2536.76, 74.45335721107544
1453, 639, 401, 2782.0, 114.04735858405489
1454, 0, 402, 2509.8, 104.9655181476279
1455, 639, 402, 2720.12, 112.4520591185417
1456, 0, 403, 2526.04, 98.60445426044404
1457, 639, 403, 2671.6, 109.04457804035924
1458, 0, 404, 2620.8, 18.308467986153293
1459, 639, 404, 2768.56, 120.25409099070184
1460, 0, 405, 2422.32, 116.8180533992927
1461, 639, 405, 2782.68, 84.27323181176808
1462, 0, 406, 2580.36, 12.777730627932335
1463, 463, 406, 311.72, 4.9357471572194624
1464, 639, 406, 2715.48, 90.82692111923645
1465, 0, 407, 2527.36, 85.04393217625817
1466, 639, 407, 2766.04, 105.227935454422
1467, 0, 408, 2559.8, 54.061446521527714
1468, 639, 408, 2727.24, 85.19684501200733
1469, 0, 409, 2492.04, 88.4115286600113
1470, 639, 409, 2777.0, 92.45020281210853
1471, 0, 410, 2589.52, 15.654060176197104
1472, 639, 410, 2717.28, 80.26332661932223
1473, 0, 411, 2608.16, 16.377252516829557
1474, 639, 411, 2707.12, 98.91787300584257
1475, 0, 412, 2651.44, 16.26795623303677
1476, 639, 412, 2710.36, 116.21975047297252
1477, 0, 413, 2474.12, 91.20321046980747
1478, 639, 413, 2684.44, 121.91081330218414
1479, 0, 414, 2528.4, 86.11573607651506
1480, 639, 414, 2652.4, 111.44182338781074
1481, 0, 415, 2397.92, 107.28762090753993
1482, 639, 415, 2576.48, 72.47350964317927
1483, 0, 416, 2575.64, 15.962155242948867
1484, 639, 416, 2635.92, 106.01883606227715
1485, 0, 417, 2376.36, 108.69254988268516
1486, 639, 417, 2697.64, 114.80797184864821
1487, 0, 418, 2534.48, 88.92474121413005
1488, 639, 418, 2737.28, 107.42197912904045
1489, 0, 419, 2469.76, 108.07415232145011
1490, 639, 419, 2691.32, 111.28871281491219
1491, 0, 420, 2586.76, 13.606704229900794
1492, 639, 420, 2700.24, 120.2418496198391
1493, 0, 421, 2568.44, 56.44471985934557
1494, 639, 421, 2653.76, 103.93855107706669
1495, 0, 422, 2581.96, 13.695196238097504
1496, 639, 422, 2720.92, 123.68861548259
1497, 0, 423, 2600.52, 17.58208178800224
1498, 639, 423, 2779.48, 127.56743158032147
1499, 0, 424, 2611.24, 19.001642034308514
1500, 639, 424, 2689.84, 52.43180714032275
1501, 0, 425, 2551.8, 52.11141909409108
1502, 639, 425, 2696.4, 86.63440425142889
1503, 0, 426, 2409.72, 118.41672854795475
1504, 639, 426, 2799.84, 125.02085586013239
1505, 0, 427, 2468.28, 95.67048447666605
1506, 639, 427, 2535.12, 53.18219250839513
1507, 0, 428, 2497.24, 89.074925764774
1508, 639, 428, 2685.68, 94.41005031245349
1509, 0, 429, 2525.24, 98.98374816099863
1510, 639, 429, 2828.64, 104.7808684827531
1511, 0, 430, 2617.0, 20.83458662896867
1512, 639, 430, 2723.56, 118.80844414434523
1513, 0, 431, 2512.84, 96.00444989686675
1514, 639, 431, 2703.2, 98.71737435730348
1515, 0, 432, 2342.4, 116.36150566231085
1516, 617, 432, 260.0, 87.55478285051024
1517, 639, 432, 2670.52, 104.11114061424935
1518, 0, 433, 2614.32, 19.60759036699818
1519, 639, 433, 2742.08, 110.69269894622681
1520, 0, 434, 2429.32, 122.16962633977397
1521, 639, 434, 2740.84, 130.04481689017828
1522, 0, 435, 2499.6, 92.70512391448491
1523, 639, 435, 2763.48, 119.44743446386784
1524, 0, 436, 2526.12, 86.05036664651698
1525, 639, 436, 2643.32, 98.46084297831295
1526, 0, 437, 2384.44, 107.36035767451597
1527, 241, 437, 302.68, 110.54002713949369
1528, 639, 437, 2738.64, 116.35940185477062
1529, 0, 438, 2452.72, 114.64118631626245
1530, 639, 438, 2551.28, 52.34999140401075
1531, 0, 439, 2506.64, 95.45255575415464
1532, 639, 439, 2652.0, 88.30719110015899
1533, 0, 440, 2602.64, 19.019737117005587
1534, 639, 440, 2767.72, 63.37035268956612
1535, 0, 441, 2436.84, 94.15972812195243
1536, 639, 441, 2764.28, 130.6636965648837
1537, 0, 442, 2500.4, 102.3183268041459
1538, 639, 442, 2712.36, 96.58732007877639
1539, 0, 443, 2445.52, 98.0995902132114
1540, 639, 443, 2632.6, 100.92848953590854
1541, 0, 444, 2492.6, 101.70938993033042
1542, 639, 444, 2717.16, 75.98088180588589
1543, 0, 445, 2596.32, 16.389557651138727
1544, 639, 445, 2409.64, 52.11746732142689
1545, 0, 446, 2483.88, 96.93474918727546
1546, 639, 446, 2812.28, 114.15306215778882
1547, 0, 447, 2610.76, 23.140060501217366
1548, 639, 447, 2582.72, 102.4505812575019
1549, 0, 448, 2458.4, 99.55380454809348
1550, 639, 448, 2675.96, 105.11687971015881
1551, 0, 449, 2442.44, 102.71984423664202
1552, 639, 449, 2634.08, 80.44571834473231
1553, 0, 450, 2586.96, 16.138103977853156
1554, 639, 450, 2727.64, 101.31648631886125
1555, 0, 451, 2383.88, 103.11132624498629
1556, 639, 451, 2642.8, 88.11628680329193
1557, 0, 452, 2583.0, 15.442797673996768
1558, 639, 452, 2583.4, 70.67163504546926
1559, 0, 453, 2378.24, 107.2821625434536
1560, 639, 453, 2729.28, 118.47852801246309
1561, 0, 454, 2554.04, 55.21556302348098
1562, 639, 454, 2693.28, 98.79332770992178
1563, 0, 455, 2381.8, 106.09278957591793
1564, 639, 455, 2558.4, 54.35439264677695
1565, 0, 456, 2677.36, 19.715739904959186
1566, 639, 456, 2822.6, 118.10165113155699
1567, 0, 457, 2609.28, 17.52830853220014
1568, 639, 457, 2683.84, 94.99418087440937
1569, 0, 458, 2432.84, 108.24441971760021
1570, 639, 458, 2651.12, 101.40426815474781
1571, 0, 459, 2556.76, 75.48895548356725
1572, 639, 459, 2702.32, 65.36709875770838
1573, 0, 460, 2658.24, 15.007411502321114
1574, 639, 460, 2729.04, 110.21487376937833
1575, 0, 461, 2434.2, 84.13227680266355
1576, 639, 461, 2791.72, 104.80897671478336
1577, 0, 462, 2583.64, 18.630899065799266
1578, 639, 462, 2698.0, 98.35974786466261
1579, 0, 463, 2527.92, 84.85607579896681
1580, 639, 463, 2824.36, 111.36853415574795
1581, 0, 464, 2522.92, 84.18547143064534
1582, 639, 464, 2745.12, 96.8216174209045
1583, 0, 465, 2474.92, 108.47079606972562
1584, 639, 465, 2727.28, 104.85247541188525
1585, 0, 466, 2559.96, 54.0995231032585
1586, 639, 466, 2643.92, 52.06067229684995
1587, 0, 467, 2497.6, 92.17027720474752
1588, 639, 467, 2708.72, 130.00785207055765
1589, 0, 468, 2506.6, 106.13237017988435
1590, 639, 468, 2570.96, 52.78066312580773
1591, 0, 469, 2499.16, 62.065565332154975
1592, 639, 469, 2648.84, 109.92458505721092
1593, 0, 470, 2701.64, 16.30921212076169
1594, 639, 470, 2643.88, 104.56856889142168
1595, 0, 471, 2643.68, 16.286730795343797
1596, 639, 471, 2762.0, 127.2282987389205
1597, 0, 472, 2661.12, 18.40504278723633
1598, 639, 472, 2708.08, 115.81188885429681
1599, 0, 473, 2465.72, 91.74509033185373
1600, 639, 473, 2711.92, 79.16409287044222
1601, 0, 474, 2570.08, 56.26929535723723
1602, 639, 474, 2746.44, 119.07042621910782
1603, 0, 475, 2359.6, 108.718351716718
1604, 639, 475, 2753.56, 108.0418733639879
1605, 0, 476, 2607.16, 19.367353975182056
1606, 639, 476, 2790.0, 110.01018134700078
1607, 0, 477, 2608.36, 20.596854128725578
1608, 639, 477, 2645.36, 99.16123436101428
1609, 0, 478, 2478.56, 108.38047056550363
1610, 639, 478, 2662.72, 105.78223669406883
1611, 0, 479, 2573.28, 13.159088114303362
1612, 639, 479, 2702.32, 104.64290515844829
1613, 0, 480, 2498.84, 112.03809352180176
1614, 639, 480, 2695.48, 84.76231237997227
1615, 0, 481, 2479.36, 104.53205441394519
1616, 639, 481, 2752.6, 111.19460418563483
1617, 0, 482, 2609.6, 18.810635289643994
1618, 639, 482, 2763.88, 120.74280765329253
1619, 0, 483, 2577.24, 58.126950719954316
1620, 639, 483, 2646.48, 110.87366504269623
1621, 0, 484, 2584.32, 14.592381573958379
1622, 639, 484, 2720.16, 91.21433220717014
1623, 0, 485, 2483.44, 109.22713216046643
1624, 639, 485, 2654.56, 98.85062670514537
1625, 0, 486, 2548.12, 74.23924568582306
1626, 639, 486, 2695.08, 121.43901185368726
1627, 0, 487, 2470.72, 102.23561805946106
1628, 639, 487, 2630.92, 71.04867064203243
1629, 0, 488, 2744.08, 15.592100564067692
1630, 639, 488, 2681.4, 96.2953789130091
1631, 0, 489, 2494.12, 111.88469779196797
1632, 639, 489, 2634.48, 99.06891338861045
1633, 0, 490, 2584.32, 17.342940927074622
1634, 639, 490, 2550.52, 76.52770478722069
1635, 0, 491, 2576.24, 10.94816879665271
1636, 639, 491, 2619.64, 85.1055250850378
1637, 0, 492, 2426.2, 120.64194958636902
1638, 639, 492, 2730.36, 117.8143896134933
1639, 0, 493, 2489.8, 104.3547794784695
1640, 639, 493, 2629.48, 79.02309535825587
1641, 0, 494, 2678.28, 17.678280459365958
1642, 639, 494, 2762.24, 105.43027269242927
1643, 0, 495, 2515.24, 95.78529323440003
1644, 639, 495, 2663.6, 109.32959343197065
1645, 0, 496, 2580.92, 14.998453253585854
1646, 639, 496, 2731.36, 104.57719827954848
1647, 0, 497, 2600.4, 17.23252738283041
1648, 639, 497, 2738.08, 125.59678976789175
1649, 0, 498, 2577.36, 57.42604287255042
1650, 639, 498, 2688.04, 97.38972430395314
1651, 0, 499, 2384.56, 82.45924084055103
1652, 639, 499, 2518.0, 51.1022504396822
1653, 0, 500, 2627.6, 17.584083712266608
1654, 639, 500, 2705.12, 106.92214737836122
1655, 0, 501, 2386.8, 85.85196561523796
1656, 639, 501, 2757.96, 137.76602774269134
1657, 0, 502, 2421.88, 90.0565688886713
1658, 639, 502, 2669.24, 109.1488085138816
1659, 0, 503, 2492.28, 79.23863704027222
1660, 639, 503, 2698.16, 127.09765694142438
1661, 0, 504, 2429.56, 104.87138027126372
1662, 639, 504, 2747.64, 89.56645800744829
1663, 0, 505, 2358.2, 112.2525723535991
1664, 639, 505, 2619.6, 104.68046618161385
1665, 0, 506, 2446.2, 91.52223773488059
1666, 639, 506, 2655.44, 111.12446355326084
1667, 0, 507, 2451.96, 115.90875031679015
1668, 639, 507, 2531.24, 68.8646672830124
1669, 0, 508, 2420.28, 111.93159339525191
1670, 639, 508, 2562.8, 58.55254050850398
1671, 0, 509, 2599.48, 16.97791506634428
1672, 639, 509, 2638.72, 122.9922013787866
1673, 0, 510, 2680.64, 19.689347373643447
1674, 639, 510, 2677.92, 81.33138139734257
1675, 0, 511, 3358.44, 89.43336290221899
1676, 1, 511, 2486.08, 82.76855441530921
1677, 2, 511, 2398.48, 99.84673054236679
1678, 3, 511, 2465.64, 82.92159188052288
1679, 4, 511, 2355.52, 53.093969525738046
1680, 5, 511, 2457.24, 71.65432575916124
1681, 6, 511, 2505.68, 94.67405980520748
1682, 7, 511, 2492.64, 21.894072257120186
1683, 8, 511, 2440.08, 75.70094847490354
1684, 9, 511, 2486.72, 47.62731989100374
1685, 10, 511, 2392.84, 85.04995238093905
1686, 11, 511, 2381.16, 83.92314579423247
1687, 12, 511, 2428.12, 112.43498387957372
1688, 13, 511, 2504.84, 19.89307417168096
1689, 14, 511, 2495.72, 74.9738727824567
1690, 15, 511, 2390.76, 69.69205406644289
1691, 16, 511, 2433.6, 102.50229265728645
1692, 17, 511, 2492.6, 64.74998069497781
1693, 18, 511, 2343.36, 74.87743585353333
1694, 19, 511, 2384.16, 68.38343659103423
1695, 20, 511, 2423.12, 79.30715982810128
1696, 21, 511, 2465.52, 117.02653374342077
1697, 22, 511, 2418.36, 11.267226810533284
1698, 23, 511, 2725.84, 127.8188342929163
1699, 24, 511, 2327.48, 124.0706637364369
1700, 25, 511, 2477.68, 94.33036414644013
1701, 26, 511, 2316.28, 97.19815636111623
1702, 27, 511, 2605.0, 115.57508381999989
1703, 28, 511, 2460.16, 53.30942130618189
1704, 29, 511, 2337.96, 72.6247781407971
1705, 30, 511, 2447.08, 92.48347744327093
1706, 31, 511, 2514.68, 53.95755368806115
1707, 32, 511, 2426.92, 102.98579319498393
1708, 33, 511, 2361.12, 94.84864574678966
1709, 34, 511, 2568.16, 139.78688922785284
1710, 35, 511, 2306.96, 104.95350589665885
1711, 36, 511, 2378.28, 87.75489502016397
1712, 37, 511, 2481.48, 75.81088048558729
1713, 38, 511, 2382.12, 82.32827946702153
1714, 39, 511, 2536.6, 145.88187001817602
1715, 40, 511, 2473.0, 19.417517864031954
1716, 41, 511, 2348.68, 100.41343336426654
1717, 42, 511, 2408.0, 93.15191892816809
1718, 43, 511, 2450.24, 69.77580096279797
1719, 44, 511, 2385.0, 71.14998243148061
1720, 45, 511, 2348.64, 48.24427841723825
1721, 46, 511, 2396.8, 87.19541272337669
1722, 47, 511, 2328.84, 102.32367467990974
1723, 48, 511, 2408.36, 93.84833722554704
1724, 49, 511, 2380.72, 83.74318837971241
1725, 50, 511, 2433.16, 83.71507868956463
1726, 51, 511, 2510.16, 93.72755411297149
1727, 52, 511, 2368.2, 93.85435525323265
1728, 53, 511, 2445.08, 71.47470601548495
1729, 54, 511, 2366.28, 104.68257543641157
1730, 55, 511, 2316.28, 95.67591964543638
1731, 56, 511, 2397.68, 107.6448679687053
1732, 57, 511, 2328.48, 97.6008688485917
1733, 58, 511, 2480.28, 75.9755329036921
1734, 59, 511, 2473.08, 16.564830213437148
1735, 60, 511, 2389.32, 84.69697515259917
1736, 61, 511, 2376.16, 95.70273977269407
1737, 62, 511, 2375.28, 103.77842550356988
1738, 63, 511, 2494.6, 68.03822455061567
1739, 64, 511, 2374.12, 138.36367153266784
1740, 65, 511, 2403.48, 70.15646513330043
1741, 66, 511, 2406.4, 49.27961038807024
1742, 67, 511, 2497.36, 96.62872450777772
1743, 68, 511, 2669.6, 117.73189882100772
1744, 69, 511, 2470.24, 14.549996563573481
1745, 70, 511, 2438.44, 102.6216663283149
1746, 71, 511, 2486.64, 104.37159766909771
1747, 72, 511, 2450.64, 23.851004171732473
1748, 73, 511, 2455.24, 51.26736193720133
1749, 74, 511, 2725.04, 124.51360728852089
1750, 75, 511, 2434.6, 23.00086954878011
1751, 76, 511, 2413.64, 99.7684840017127
1752, 77, 511, 2342.8, 67.309434702722
1753, 78, 511, 2469.96, 54.616100190328496
1754, 79, 511, 2427.04, 72.98628912336892
1755, 80, 511, 2327.72, 94.06955724356314
1756, 81, 511, 2485.08, 12.438392179055946
1757, 82, 511, 2405.48, 74.13561627180285
1758, 83, 511, 2500.0, 96.05498425381163
1759, 84, 511, 2503.52, 53.22564795284319
1760, 85, 511, 2421.48, 111.64985266447958
1761, 86, 511, 2322.48, 92.04047805177892
1762, 87, 511, 2400.52, 51.68142412898469
1763, 88, 511, 2347.72, 114.87576593868701
1764, 89, 511, 2443.2, 101.55235103137692
1765, 90, 511, 2527.52, 51.304674250988086
1766, 91, 511, 2434.28, 67.56834761928103
1767, 92, 511, 2403.6, 81.77628017952394
1768, 93, 511, 2480.76, 15.664686399669801
1769, 94, 511, 2359.84, 92.32580570999636
1770, 95, 511, 2406.76, 94.50980054999587
1771, 96, 511, 2396.08, 62.577900252405406
1772, 97, 511, 2572.48, 73.31745767550865
1773, 98, 511, 2532.64, 147.73486521468112
1774, 99, 511, 2468.28, 20.79907690259354
1775, 100, 511, 2471.92, 49.358217147705005
1776, 101, 511, 2481.44, 80.34728620183758
1777, 102, 511, 2434.64, 57.7608033185135
1778, 103, 511, 2633.8, 102.05763077790901
1779, 104, 511, 2549.52, 104.19064065452328
1780, 105, 511, 2550.8, 107.6639215336317
1781, 106, 511, 2371.52, 72.43596896570101
1782, 107, 511, 2523.36, 133.53198268579703
1783, 108, 511, 2426.12, 23.0604770115451
1784, 109, 511, 2447.8, 89.2560362104435
1785, 110, 511, 2344.36, 103.2042169681065
1786, 111, 511, 2416.4, 88.80225222369081
1787, 112, 511, 2332.48, 102.48946092159915
1788, 113, 511, 2403.2, 113.94876041449507
1789, 114, 511, 2359.56, 96.20855679200264
1790, 115, 511, 2385.6, 84.783488958641
1791, 116, 511, 2347.92, 107.19661188675694
1792, 117, 511, 2529.36, 18.82100953721665
1793, 118, 511, 2384.32, 105.35415321666251
1794, 119, 511, 2455.04, 81.2637582197624
1795, 120, 511, 2386.96, 51.349375848202875
1796, 121, 511, 2517.6, 72.84284453534198
1797, 122, 511, 2411.8, 54.36690169579282
1798, 123, 511, 2439.24, 92.86173808410005
1799, 124, 511, 2682.8, 117.55951684147055
1800, 125, 511, 2409.44, 72.696673926666
1801, 126, 511, 2436.44, 85.02709215303085
1802, 127, 511, 2418.72, 53.5974029221566
1803, 128, 511, 2460.6, 73.27427925268184
1804, 129, 511, 2413.2, 92.4402509732638
1805, 130, 511, 2339.72, 131.17881536284736
1806, 131, 511, 2481.52, 12.159342087465092
1807, 132, 511, 2389.84, 108.4375138040337
1808, 133, 511, 2307.48, 84.40005687201874
1809, 134, 511, 2375.36, 101.90971690668167
1810, 135, 511, 2394.24, 99.21382161775647
1811, 136, 511, 2379.32, 60.42100297082133
1812, 137, 511, 2450.68, 74.43693706756075
1813, 138, 511, 2344.6, 97.20534964702303
1814, 139, 511, 2484.2, 71.41652469841976
1815, 140, 511, 2492.08, 68.16739396515023
1816, 141, 511, 2302.84, 92.78261906197731
1817, 142, 511, 2373.96, 81.83372409954224
1818, 143, 511, 2567.96, 74.75371830216875
1819, 144, 511, 2352.36, 89.13130987481335
1820, 145, 511, 2399.6, 52.59429626870199
1821, 146, 511, 2355.12, 78.72550793738966
1822, 147, 511, 2348.56, 115.59656742308572
1823, 148, 511, 2363.0, 91.53840723980291
1824, 149, 511, 2508.2, 60.467511938230096
1825, 150, 511, 2343.84, 69.54864772229578
1826, 151, 511, 2434.2, 92.39610381395961
1827, 152, 511, 2386.08, 61.813862522900145
1828, 153, 511, 2352.32, 93.07404364268268
1829, 154, 511, 2492.68, 91.84235188626214
1830, 155, 511, 2626.16, 111.86265864889855
1831, 156, 511, 2363.84, 97.9782343176279
1832, 157, 511, 2312.52, 92.2332347909364
1833, 158, 511, 2466.28, 82.63390103341364
1834, 159, 511, 2616.12, 90.81864125827913
1835, 160, 511, 2468.36, 113.78853369298685
1836, 161, 511, 2547.16, 9.636098795674522
1837, 162, 511, 2369.6, 122.99983739826651
1838, 163, 511, 2468.8, 52.92636394085654
1839, 164, 511, 2367.36, 20.31921258316867
1840, 165, 511, 2402.6, 88.27457165005107
1841, 166, 511, 2420.52, 88.34800280708104
1842, 167, 511, 2483.56, 22.154150852605476
1843, 168, 511, 2485.0, 95.70579919733183
1844, 169, 511, 2384.84, 24.572635186320582
1845, 170, 511, 2373.68, 70.59162556564341
1846, 171, 511, 2797.28, 120.38256352146684
1847, 172, 511, 2386.04, 129.14936469065574
1848, 173, 511, 2445.24, 71.01733872794726
1849, 174, 511, 2418.68, 54.93830721818794
1850, 175, 511, 2750.12, 128.1063058557228
1851, 176, 511, 2403.24, 20.73698145825472
1852, 177, 511, 2413.24, 73.66751251399764
1853, 178, 511, 2419.04, 89.20559623700748
1854, 179, 511, 2476.0, 51.31081757290562
1855, 180, 511, 2400.28, 84.76297304837767
1856, 181, 511, 2371.92, 74.34671209946004
1857, 182, 511, 2347.84, 82.17575311489392
1858, 183, 511, 2354.2, 76.70880001668648
1859, 184, 511, 2394.88, 110.87229410452369
1860, 185, 511, 2416.8, 13.218169313486646
1861, 186, 511, 2351.56, 70.42163303985501
1862, 187, 511, 2448.92, 84.95124248649928
1863, 188, 511, 2350.04, 52.106414192496494
1864, 189, 511, 2477.0, 107.39459949178078
1865, 190, 511, 2428.64, 87.34981625624634
1866, 191, 511, 2361.08, 91.00721729621227
1867, 192, 511, 2680.16, 117.68285516590767
1868, 193, 511, 2436.88, 101.30521013254945
1869, 194, 511, 2340.52, 91.33635420794944
1870, 195, 511, 2350.52, 107.10261247980834
1871, 196, 511, 2503.44, 93.59276895145264
1872, 197, 511, 2453.72, 80.09320570435423
1873, 198, 511, 2394.2, 60.7743366890993
1874, 199, 511, 2394.24, 79.91209170081834
1875, 200, 511, 2388.96, 54.4635511144839
1876, 201, 511, 2592.64, 86.1282206944971
1877, 202, 511, 2371.56, 118.10709716185562
1878, 203, 511, 2456.52, 71.27755326889384
1879, 204, 511, 2335.24, 71.36457384445028
1880, 205, 511, 2458.16, 77.72962369650323
1881, 206, 511, 2337.76, 47.00747174652131
1882, 207, 511, 2394.08, 97.05871212827832
1883, 208, 511, 2470.6, 67.63963335205183
1884, 209, 511, 2420.4, 53.508130223359515
1885, 210, 511, 2323.48, 81.42880080168196
1886, 211, 511, 2434.12, 105.21228825569759
1887, 212, 511, 2328.88, 81.44216107152363
1888, 213, 511, 2493.0, 25.285569006846572
1889, 214, 511, 2540.0, 53.68277191054873
1890, 215, 511, 2314.72, 86.65264912280526
1891, 216, 511, 2427.08, 104.36318124702792
1892, 217, 511, 2439.6, 22.64155471693585
1893, 218, 511, 2305.36, 104.06262729721942
1894, 219, 511, 2387.92, 91.8907699390967
1895, 220, 511, 2459.12, 70.6469079295053
1896, 221, 511, 2426.24, 103.73129903746505
1897, 222, 511, 2483.32, 84.62563205081544
1898, 223, 511, 2466.0, 50.60750932420998
1899, 224, 511, 2432.0, 119.25703333556474
1900, 225, 511, 2443.68, 69.72157198457303
1901, 226, 511, 2422.6, 54.4198493198943
1902, 227, 511, 2498.8, 75.1696747365585
1903, 228, 511, 2395.68, 121.92152230020751
1904, 229, 511, 2384.56, 52.91433076209129
1905, 230, 511, 2316.96, 125.87310435514014
1906, 231, 511, 2425.76, 66.47723219268383
1907, 232, 511, 2346.8, 89.1111665281069
1908, 233, 511, 2382.84, 94.73444146665983
1909, 234, 511, 2474.76, 97.65337884579314
1910, 235, 511, 2670.92, 78.54166792219274
1911, 236, 511, 2499.28, 21.05140375366926
1912, 237, 511, 2647.88, 106.91017538101788
1913, 238, 511, 2328.44, 96.93753865247456
1914, 239, 511, 2492.32, 102.92355221230952
1915, 240, 511, 2486.48, 54.87740518646996
1916, 241, 511, 2390.64, 24.867456645181868
1917, 242, 511, 2298.84, 81.69880292880673
1918, 243, 511, 2521.4, 81.9131247114893
1919, 244, 511, 2384.28, 82.96192861789075
1920, 245, 511, 2409.16, 112.9271198605543
1921, 246, 511, 2412.4, 112.79858155136526
1922, 247, 511, 2492.84, 49.71734506185945
1923, 248, 511, 2438.28, 106.34604647094315
1924, 249, 511, 2465.04, 70.80648557865304
1925, 250, 511, 2339.44, 84.75474264016142
1926, 251, 511, 2501.96, 73.04490673551443
1927, 252, 511, 2481.36, 111.69633118415304
1928, 253, 511, 2450.12, 23.600542366649123
1929, 254, 511, 2334.88, 115.90800490043817
1930, 255, 511, 2438.88, 114.0187072370144
1931, 256, 511, 2342.4, 49.307200285556675
1932, 257, 511, 2490.4, 92.52372668672615
1933, 258, 511, 2378.32, 67.89328096358284
1934, 259, 511, 2458.2, 71.0357656395706
1935, 260, 511, 2310.84, 92.7662352367498
1936, 261, 511, 2500.36, 103.56056392275971
1937, 262, 511, 2330.08, 51.249132675587795
1938, 263, 511, 2480.8, 101.50704409054575
1939, 264, 511, 2339.6, 71.5284558759659
1940, 265, 511, 2387.24, 87.91645124776136
1941, 266, 511, 2407.64, 75.20419137255583
1942, 267, 511, 2469.68, 75.1551568423618
1943, 268, 511, 2470.12, 66.0359417287283
1944, 269, 511, 2450.2, 60.85852446453168
1945, 270, 511, 2270.6, 119.70530481144101
1946, 271, 511, 2457.8, 84.59929077716906
1947, 272, 511, 2322.56, 105.2635093467817
1948, 273, 511, 2389.6, 124.25715271162461
1949, 274, 511, 2342.76, 85.42752717947533
1950, 275, 511, 2354.04, 111.48147110618876
1951, 276, 511, 2419.96, 71.7832738177913
1952, 277, 511, 2440.16, 104.98673440011362
1953, 278, 511, 2323.32, 92.10156133312833
1954, 279, 511, 2465.76, 100.82669487789431
1955, 280, 511, 2557.56, 129.27090314529408
1956, 281, 511, 2373.84, 94.70065680870434
1957, 282, 511, 2492.56, 66.26376385325543
1958, 283, 511, 2401.56, 69.85360692190488
1959, 284, 511, 2468.72, 118.80387872456018
1960, 285, 511, 2427.48, 98.17906905242073
1961, 286, 511, 2391.64, 95.4295048713971
1962, 287, 511, 2413.8, 100.81230083675305
1963, 288, 511, 2476.24, 88.7379422795007
1964, 289, 511, 2473.04, 73.82383354987736
1965, 290, 511, 2442.84, 82.73750298383436
1966, 291, 511, 2631.8, 110.67827248380777
1967, 292, 511, 2342.72, 112.5865071844757
1968, 293, 511, 2423.16, 107.4555461574692
1969, 294, 511, 2400.24, 98.50777837308077
1970, 295, 511, 2498.4, 87.59726023112825
1971, 296, 511, 2401.44, 96.66895261664936
1972, 297, 511, 2499.4, 66.06723847717566
1973, 298, 511, 2438.92, 53.32610617699365
1974, 299, 511, 2455.2, 70.25781095365838
1975, 300, 511, 2377.92, 58.89986078082019
1976, 301, 511, 2457.16, 84.73189718163992
1977, 302, 511, 2305.64, 114.76824647959035
1978, 303, 511, 2410.04, 52.404946331429436
1979, 304, 511, 2312.36, 95.81644117791058
1980, 305, 511, 2299.04, 119.8103434599868
1981, 306, 511, 2450.6, 70.79095987483149
1982, 307, 511, 2503.72, 80.60497255132589
1983, 308, 511, 2315.32, 105.13028868979671
1984, 309, 511, 2518.72, 25.717729293232715
1985, 310, 511, 2657.2, 126.05617795253036
1986, 311, 511, 2499.28, 100.70690939553255
1987, 312, 511, 2660.28, 102.37090211578679
1988, 313, 511, 2424.64, 105.2759725673432
1989, 314, 511, 2344.2, 103.43152324122467
1990, 315, 511, 2473.28, 48.672390530977616
1991, 316, 511, 2425.12, 121.12945801909625
1992, 317, 511, 2462.16, 81.48751069949309
1993, 318, 511, 2405.88, 89.60951735167421
1994, 319, 511, 2458.2, 119.12346536262282
1995, 320, 511, 2452.4, 103.09063973028783
1996, 321, 511, 2461.04, 20.576646957169668
1997, 322, 511, 2308.08, 123.10383259671488
1998, 323, 511, 2422.68, 102.57981087913937
1999, 324, 511, 2508.76, 77.26850846237421
2000, 325, 511, 2465.24, 71.15576153762953
2001, 326, 511, 2448.0, 86.56188537687936
2002, 327, 511, 2385.44, 74.27520716901435
2003, 328, 511, 2474.52, 106.39703755274394
2004, 329, 511, 2490.04, 104.58851944644785
2005, 330, 511, 2414.84, 12.171047613085737
2006, 331, 511, 2518.52, 113.65988562373269
2007, 332, 511, 2415.72, 105.3187618613132
2008, 333, 511, 2513.96, 59.379781070664116
2009, 334, 511, 2324.6, 106.66658333330078
2010, 335, 511, 2447.12, 95.0761042533822
2011, 336, 511, 2371.12, 104.0774019660368
2012, 337, 511, 2378.4, 85.25350432680172
2013, 338, 511, 2447.84, 127.17222338230938
2014, 339, 511, 2420.72, 55.97893889669578
2015, 340, 511, 2402.8, 101.14623077505162
2016, 341, 511, 2453.24, 98.24633530061057
2017, 342, 511, 2509.08, 92.24138767386363
2018, 343, 511, 2421.08, 91.15346181029001
2019, 344, 511, 2453.52, 87.35771059271185
2020, 345, 511, 2412.96, 74.18812843036278
2021, 346, 511, 2440.56, 81.86333978039254
2022, 347, 511, 2460.76, 112.18280795202088
2023, 348, 511, 2443.0, 90.90478535258747
2024, 349, 511, 2427.44, 76.56739776171058
2025, 350, 511, 2428.56, 104.64954084944662
2026, 351, 511, 2670.08, 130.24866064570492
2027, 352, 511, 2364.6, 102.40976515938313
2028, 353, 511, 2333.68, 96.51268103207993
2029, 354, 511, 2419.16, 95.44618588503155
2030, 355, 511, 2467.84, 68.90380541015134
2031, 356, 511, 2452.36, 120.3477893440507
2032, 357, 511, 2463.52, 82.21295275076793
2033, 358, 511, 2536.0, 51.53329021127993
2034, 359, 511, 2642.72, 115.20781917908177
2035, 360, 511, 2348.48, 104.01773694904153
2036, 361, 511, 2424.44, 103.22018407268997
2037, 362, 511, 2381.16, 22.723872909343612
2038, 363, 511, 2422.44, 101.94236803213863
2039, 364, 511, 2308.76, 103.59740537291461
2040, 365, 511, 2486.16, 99.04531488162375
2041, 366, 511, 2491.48, 100.55610175419491
2042, 367, 511, 2486.04, 102.30013880733496
2043, 368, 511, 2399.84, 72.60726134485448
2044, 369, 511, 2437.28, 81.18301300148941
2045, 370, 511, 2411.88, 84.31812142119865
2046, 371, 511, 2470.88, 80.41906241681757
2047, 372, 511, 2377.72, 116.09496802187422
2048, 373, 511, 2491.16, 87.29704691454344
2049, 374, 511, 2423.32, 80.20858806885954
2050, 375, 511, 2498.92, 125.35100159153097
2051, 376, 511, 2531.72, 52.885173725723924
2052, 377, 511, 2524.44, 52.601201507189934
2053, 378, 511, 2341.48, 96.56422525966849
2054, 379, 511, 2432.0, 92.30557946299888
2055, 380, 511, 2541.4, 89.62365759106243
2056, 381, 511, 2499.68, 58.99269107270831
2057, 382, 511, 2319.36, 95.21969544164695
2058, 383, 511, 2484.36, 95.63759930069345
2059, 384, 511, 2360.12, 118.19384755561518
2060, 385, 511, 2333.52, 69.13414207177233
2061, 386, 511, 2372.04, 83.03901733522622
2062, 387, 511, 2407.72, 111.63494793298378
2063, 388, 511, 2416.4, 108.27114112264633
2064, 389, 511, 2532.48, 50.728390473185726
2065, 390, 511, 2486.04, 78.09966965359071
2066, 391, 511, 2378.24, 94.17824801938077
2067, 392, 511, 2445.72, 82.46333488284355
2068, 393, 511, 2472.76, 115.77435985571243
2069, 394, 511, 2513.08, 97.44903078019811
2070, 395, 511, 2441.0, 69.66433807910616
2071, 396, 511, 2467.24, 72.08344053941931
2072, 397, 511, 2365.88, 91.63332145022356
2073, 398, 511, 2444.0, 70.80395469181082
2074, 399, 511, 2393.36, 79.22872206466542
2075, 400, 511, 2352.8, 110.65080207571927
2076, 401, 511, 2512.96, 50.5042414060443
2077, 402, 511, 2334.16, 117.76440209163378
2078, 403, 511, 2535.88, 51.902462369332724
2079, 404, 511, 2343.32, 78.80239590266277
2080, 405, 511, 2334.56, 97.49998153845978
2081, 406, 511, 2388.92, 125.06571712503792
2082, 407, 511, 2361.48, 16.64961260810594
2083, 408, 511, 2394.36, 72.30539675570557
2084, 409, 511, 2335.76, 71.4340423047723
2085, 410, 511, 2388.12, 113.14674365619189
2086, 411, 511, 2308.48, 118.98138341774312
2087, 412, 511, 2313.76, 85.02765667710713
2088, 413, 511, 2387.28, 82.6750361354623
2089, 414, 511, 2429.24, 81.77788454099311
2090, 415, 511, 2364.48, 107.58591729403992
2091, 416, 511, 2339.92, 85.20606551179323
2092, 417, 511, 2408.52, 108.24347370627015
2093, 418, 511, 2323.8, 90.77224245329626
2094, 419, 511, 2482.88, 93.50008342242268
2095, 420, 511, 2365.6, 82.27174484596763
2096, 421, 511, 2392.6, 132.1907712361192
2097, 422, 511, 2340.08, 70.88747138951989
2098, 423, 511, 2424.44, 55.15728782309731
2099, 424, 511, 2355.68, 144.9343906738494
2100, 425, 511, 2708.28, 118.43631875400384
2101, 426, 511, 2311.48, 105.10608735939132
2102, 427, 511, 2458.88, 70.09839941111352
2103, 428, 511, 2421.64, 108.40770452324871
2104, 429, 511, 2498.84, 94.33119526434506
2105, 430, 511, 2442.16, 89.56860164142343
2106, 431, 511, 2458.96, 88.65099209822753
2107, 432, 511, 2321.2, 96.70118923777515
2108, 433, 511, 2430.72, 92.10364596474994
2109, 434, 511, 2319.92, 95.60164015329444
2110, 435, 511, 2443.56, 96.70411780270786
2111, 436, 511, 2434.24, 91.25230079291151
2112, 437, 511, 2430.4, 67.54257916307313
2113, 438, 511, 2489.32, 91.69153505095223
2114, 439, 511, 2460.0, 54.27043393966922
2115, 440, 511, 2424.44, 104.3582598551739
2116, 441, 511, 2464.96, 89.41833369058048
2117, 442, 511, 2400.44, 97.93593007675989
2118, 443, 511, 2457.52, 84.95651593609522
2119, 444, 511, 2497.8, 96.22432124987944
2120, 445, 511, 2464.92, 69.86038648619115
2121, 446, 511, 2301.36, 102.1206658811036
2122, 447, 511, 2473.56, 101.86464744944637
2123, 448, 511, 2523.36, 101.11572775785179
2124, 449, 511, 2438.16, 94.91414225498747
2125, 450, 511, 2491.92, 92.73658177871341
2126, 451, 511, 2458.84, 78.69774075537364
2127, 452, 511, 2515.2, 83.37145794575024
2128, 453, 511, 2689.36, 120.58088737440939
2129, 454, 511, 2421.96, 55.25539249702243
2130, 455, 511, 2386.0, 78.77004506790637
2131, 456, 511, 2302.04, 122.4262978285303
2132, 457, 511, 2449.04, 69.87959931195944
2133, 458, 511, 2323.32, 101.98184936546306
2134, 459, 511, 2515.04, 84.93737928615411
2135, 460, 511, 2326.32, 87.000560917732
2136, 461, 511, 2490.68, 94.48204908870257
2137, 462, 511, 2365.24, 59.459754456270666
2138, 463, 511, 2597.0, 91.84203830490696
2139, 464, 511, 2411.08, 102.82564660628204
2140, 465, 511, 2513.36, 84.12318586454035
2141, 466, 511, 2356.76, 7.349993197275762
2142, 467, 511, 2469.36, 91.0432336859802
2143, 468, 511, 2314.16, 107.79190322097482
2144, 469, 511, 2357.92, 8.522534834191058
2145, 470, 511, 2381.84, 114.21267180133735
2146, 471, 511, 2500.0, 22.14317050469512
2147, 472, 511, 2409.8, 76.34919776919729
2148, 473, 511, 2530.12, 72.71991199114586
2149, 474, 511, 2424.44, 101.85483002783914
2150, 475, 511, 2566.52, 76.61494371204614
2151, 476, 511, 2347.0, 104.46511379403174
2152, 477, 511, 2445.0, 97.47984407045386
2153, 478, 511, 2323.44, 83.26731891924946
2154, 479, 511, 2352.68, 125.76858749306203
2155, 480, 511, 2355.8, 53.8969386885749
2156, 481, 511, 2330.8, 85.49385942861628
2157, 482, 511, 2498.76, 73.97257870319243
2158, 483, 511, 2438.32, 90.62923148741801
2159, 484, 511, 2447.52, 20.894248012311905
2160, 485, 511, 2466.04, 100.70292150677656
2161, 486, 511, 2480.04, 101.02929476147006
2162, 487, 511, 2374.88, 22.872376352272628
2163, 488, 511, 2284.44, 127.22077817715154
2164, 489, 511, 2615.28, 92.64880787144538
2165, 490, 511, 2331.64, 81.60190193861905
2166, 491, 511, 2318.56, 93.86674810602527
2167, 492, 511, 2348.28, 114.7656812814702
2168, 493, 511, 2493.32, 18.10131486936791
2169, 494, 511, 2346.44, 84.46636253562716
2170, 495, 511, 2354.24, 97.0629816150318
2171, 496, 511, 2406.68, 96.63859270498511
2172, 497, 511, 2357.8, 108.0518394105348
2173, 498, 511, 2431.28, 57.488447535135265
2174, 499, 511, 2523.04, 72.42125654806053
2175, 500, 511, 2467.16, 95.27042773074969
2176, 501, 511, 2457.96, 81.156382373785
2177, 502, 511, 2445.16, 70.09004494220274
2178, 503, 511, 2618.8, 126.93494396737253
2179, 504, 511, 2350.68, 110.77137536385473
2180, 505, 511, 2467.0, 51.87523493922702
2181, 506, 511, 2337.12, 71.54093653286907
2182, 507, 511, 2511.56, 69.24742883313431
2183, 508, 511, 2496.44, 75.47136145585291
2184, 509, 511, 2679.84, 109.67504000455162
2185, 510, 511, 2491.16, 80.07680313299227
2186, 511, 511, 2493.84, 28.75646709872408
2187, 512, 511, 2465.96, 85.24997595307579
2188, 513, 511, 2493.08, 98.55310040785119
2189, 514, 511, 2357.28, 111.51520793147454
2190, 515, 511, 2462.68, 70.30716606434939
2191, 516, 511, 2400.04, 96.83118505935988
2192, 517, 511, 2336.48, 89.76597128088126
2193, 518, 511, 2410.84, 108.13498231377298
2194, 519, 511, 2465.6, 82.37718130647589
2195, 520, 511, 2311.72, 129.87548498465753
2196, 521, 511, 2481.76, 76.66304455211781
2197, 522, 511, 2382.12, 85.85304653883867
2198, 523, 511, 2425.64, 91.7626852266214
2199, 524, 511, 2467.6, 112.78191344360141
2200, 525, 511, 2383.52, 77.86866892402873
2201, 526, 511, 2507.2, 84.03332672219993
2202, 527, 511, 2411.48, 104.47281751728532
2203, 528, 511, 2516.4, 72.44032026433898
2204, 529, 511, 2411.64, 82.89746920141774
2205, 530, 511, 2484.4, 85.67426684833667
2206, 531, 511, 2335.12, 68.98250212916315
2207, 532, 511, 2442.6, 98.5019796755375
2208, 533, 511, 2380.16, 89.79963474313244
2209, 534, 511, 2523.88, 102.71253866982356
2210, 535, 511, 2450.24, 67.81992627539489
2211, 536, 511, 2377.4, 97.56720760583447
2212, 537, 511, 2480.28, 74.95199530366085
2213, 538, 511, 2425.44, 57.27832399782661
2214, 539, 511, 2401.92, 83.79304028378492
2215, 540, 511, 2462.4, 72.29052496696923
2216, 541, 511, 2289.92, 109.18714942702735
2217, 542, 511, 2464.72, 97.61537583803076
2218, 543, 511, 2426.76, 10.76022304601536
2219, 544, 511, 2416.68, 96.3168604139483
2220, 545, 511, 2393.24, 89.32783664681463
2221, 546, 511, 2408.28, 86.67664968144535
2222, 547, 511, 2670.64, 120.91282148721864
2223, 548, 511, 2491.28, 81.9846424643055
2224, 549, 511, 2538.36, 51.9082883555218
2225, 550, 511, 2396.08, 88.12669062208113
2226, 551, 511, 2461.88, 84.17425734748126
2227, 552, 511, 2384.56, 52.73638592091802
2228, 553, 511, 2475.72, 82.77271047875622
2229, 554, 511, 2309.2, 94.60655368419252
2230, 555, 511, 2450.32, 70.68336154994329
2231, 556, 511, 2357.56, 112.35233152898964
2232, 557, 511, 2408.88, 89.0192428635517
2233, 558, 511, 2442.96, 77.61570975002421
2234, 559, 511, 2343.56, 75.70948685600769
2235, 560, 511, 2291.88, 117.1205601079503
2236, 561, 511, 2406.16, 50.97189814005361
2237, 562, 511, 2442.24, 75.33354100266361
2238, 563, 511, 2437.4, 96.74295840008202
2239, 564, 511, 2429.52, 22.26588421778933
2240, 565, 511, 2348.96, 114.3158711640689
2241, 566, 511, 2421.12, 71.51912751145669
2242, 567, 511, 2419.08, 69.90159940945559
2243, 568, 511, 2449.48, 83.46310322531748
2244, 569, 511, 2434.36, 70.09871896119073
2245, 570, 511, 2374.8, 23.62371689637343
2246, 571, 511, 2452.48, 97.90776067299261
2247, 572, 511, 2378.84, 24.549835029995627
2248, 573, 511, 2454.4, 73.03971522397936
2249, 574, 511, 2518.88, 68.087778639048
2250, 575, 511, 2457.48, 70.63943374631482
2251, 576, 511, 2401.0, 73.72760676978469
2252, 577, 511, 2409.2, 88.3171557513035
2253, 578, 511, 2425.76, 81.9718390668405
2254, 579, 511, 2455.24, 24.270607738579603
2255, 580, 511, 2432.96, 93.23367631923566
2256, 581, 511, 2549.0, 117.16040286718034
2257, 582, 511, 2362.28, 16.13324517882252
2258, 583, 511, 2368.76, 104.43420129440354
2259, 584, 511, 2429.16, 80.45504583306132
2260, 585, 511, 2444.24, 68.21335939535597
2261, 586, 511, 2375.32, 81.47083895480641
2262, 587, 511, 2473.4, 67.03909307262442
2263, 588, 511, 2404.6, 95.01199924220099
2264, 589, 511, 2351.16, 103.90021366676778
2265, 590, 511, 2450.12, 83.41813711657674
2266, 591, 511, 2421.16, 89.7550800790685
2267, 592, 511, 2441.64, 95.57149365788942
2268, 593, 511, 2464.64, 22.827842648835652
2269, 594, 511, 2431.64, 67.59164445402996
2270, 595, 511, 2389.92, 68.53899328119724
2271, 596, 511, 2403.52, 70.38699879949421
2272, 597, 511, 2386.92, 99.06156469590009
2273, 598, 511, 2310.16, 83.80438174701844
2274, 599, 511, 2439.68, 91.98335501600276
2275, 600, 511, 2397.16, 108.93582698084224
2276, 601, 511, 2364.32, 80.43517638446504
2277, 602, 511, 2406.16, 99.54121960273541
2278, 603, 511, 2311.4, 115.0634607510134
2279, 604, 511, 2345.8, 112.62433129657198
2280, 605, 511, 2482.76, 53.713521575111784
2281, 606, 511, 2335.68, 84.08030447138023
2282, 607, 511, 2332.48, 69.80551267629227
2283, 608, 511, 2340.32, 84.5182678478446
2284, 609, 511, 2426.48, 104.65184948198478
2285, 610, 511, 2439.88, 81.73435997180133
2286, 611, 511, 2553.6, 74.66940471170236
2287, 612, 511, 2482.64, 53.76383914863222
2288, 613, 511, 2304.52, 104.8649111953088
2289, 614, 511, 2326.6, 82.14621111165141
2290, 615, 511, 2459.48, 118.4030810409932
2291, 616, 511, 2522.8, 70.79208995360993
2292, 617, 511, 2408.16, 13.57256055429483
2293, 618, 511, 2405.48, 73.85126674607551
2294, 619, 511, 2473.32, 86.11049645658768
2295, 620, 511, 2350.16, 44.58042619805244
2296, 621, 511, 2323.12, 107.96974391004177
2297, 622, 511, 2423.72, 92.04673595516573
2298, 623, 511, 2455.4, 53.25335670171412
2299, 624, 511, 2366.6, 80.49447185987371
2300, 625, 511, 2353.28, 83.25503948710853
2301, 626, 511, 2316.08, 93.00061075068271
2302, 627, 511, 2401.68, 50.0301668995817
2303, 628, 511, 2384.8, 97.78016158710314
2304, 629, 511, 2352.36, 59.20667529932752
2305, 630, 511, 2459.4, 67.8067843213347
2306, 631, 511, 2418.68, 82.97745235905955
2307, 632, 511, 2470.0, 21.67025611293046
2308, 633, 511, 2484.24, 53.215997594708305
2309, 634, 511, 2493.6, 18.916659324521333
2310, 635, 511, 2455.6, 25.11254666496411
2311, 636, 511, 2373.36, 76.15504185541492
2312, 637, 511, 2327.0, 114.07471235992665
2313, 638, 511, 2419.92, 12.12574121445778
2314, 639, 511, 3274.16, 98.11898083449502
