Number of pixels outside +/- 5sigma range: 2348
Num hot pixels (>5sigma): 2348
Num cold pixels (<5sigma): 0

num, Pixel_x, Pixel_y, Pixel_Mean, Pixel_Std
1, 0, 0, 8830.8, 210.66428268693295
2, 1, 0, 5388.0, 122.5267317771922
3, 2, 0, 5673.96, 191.96363822349275
4, 3, 0, 5632.6, 204.11722122349207
5, 4, 0, 5519.48, 104.55395544884948
6, 5, 0, 5485.12, 132.61291641465397
7, 6, 0, 5696.84, 183.7834987152002
8, 7, 0, 5388.52, 145.00430890149437
9, 8, 0, 5486.76, 133.08291550758872
10, 9, 0, 5683.24, 164.96139669631802
11, 10, 0, 5770.44, 153.57267465275194
12, 11, 0, 5733.52, 178.99656309549636
13, 12, 0, 5667.16, 148.04044852674556
14, 13, 0, 5604.72, 131.59955015120684
15, 14, 0, 5684.76, 181.55842695947769
16, 15, 0, 5381.88, 121.09973410375433
17, 16, 0, 5435.64, 125.51235158341989
18, 17, 0, 5694.44, 165.3036188351604
19, 18, 0, 5730.56, 167.62937212791797
20, 19, 0, 5619.68, 145.1690655752802
21, 20, 0, 5495.6, 139.09622568567414
22, 21, 0, 5593.8, 152.03341737920647
23, 22, 0, 5607.04, 115.41039121326988
24, 23, 0, 5714.04, 176.59659792872569
25, 24, 0, 5668.16, 127.9445755004877
26, 25, 0, 5593.28, 129.38145771322877
27, 26, 0, 5713.88, 173.70142659172373
28, 27, 0, 5639.52, 142.2223948610063
29, 28, 0, 5792.44, 170.51336135329686
30, 29, 0, 5623.44, 142.79918207048667
31, 30, 0, 5739.92, 167.22581618876916
32, 31, 0, 5554.68, 108.06136034679555
33, 32, 0, 5695.88, 129.2415784490425
34, 33, 0, 5600.36, 142.33000526944414
35, 34, 0, 5746.92, 163.75003389312627
36, 35, 0, 5460.48, 126.3031654393507
37, 36, 0, 5493.28, 164.89451658560387
38, 37, 0, 5874.84, 133.38566039871003
39, 38, 0, 5473.04, 141.00850470804943
40, 39, 0, 5398.08, 148.62191493854465
41, 40, 0, 5684.08, 156.46058161722397
42, 41, 0, 5580.36, 192.2941247152393
43, 42, 0, 5624.72, 97.07091016365304
44, 43, 0, 5747.12, 159.53841418291708
45, 44, 0, 5599.44, 146.97865967547807
46, 45, 0, 5588.68, 126.01959212757355
47, 46, 0, 5569.88, 144.38706867306365
48, 47, 0, 5576.96, 114.90221233727401
49, 48, 0, 5873.4, 152.54559973988106
50, 49, 0, 5530.12, 103.42313861027424
51, 50, 0, 5736.96, 155.20811319000046
52, 51, 0, 5689.24, 143.27240627559794
53, 52, 0, 5410.92, 149.20802123210402
54, 53, 0, 5620.04, 87.42287114937372
55, 54, 0, 5625.72, 171.89613608222845
56, 55, 0, 5704.76, 181.98511587489784
57, 56, 0, 5548.84, 118.24878181190708
58, 57, 0, 5685.4, 130.49904214207857
59, 58, 0, 5722.28, 156.42135915532765
60, 59, 0, 5436.4, 114.70309498875781
61, 60, 0, 5552.28, 118.97815597831394
62, 61, 0, 5515.64, 153.86328476930422
63, 62, 0, 5455.64, 112.36187253690639
64, 63, 0, 5757.2, 144.5096536567713
65, 64, 0, 5525.92, 141.1957279807006
66, 65, 0, 5676.16, 122.80771311281714
67, 66, 0, 5529.96, 203.05417602206563
68, 67, 0, 5726.56, 80.43485811512319
69, 68, 0, 5641.48, 144.35847602409774
70, 69, 0, 5634.32, 92.15322891792776
71, 70, 0, 5704.84, 188.19982571724128
72, 71, 0, 5527.48, 167.2174919079939
73, 72, 0, 5733.36, 116.92660261890792
74, 73, 0, 5737.12, 196.72423744927823
75, 74, 0, 5658.24, 146.49376232454406
76, 75, 0, 5519.04, 134.69179039570304
77, 76, 0, 5688.72, 133.26530531237302
78, 77, 0, 5655.2, 184.38112701683977
79, 78, 0, 5706.76, 135.84528847184947
80, 79, 0, 5646.16, 173.28166204189063
81, 80, 0, 5629.8, 125.07821552932388
82, 81, 0, 5685.08, 153.71556069572134
83, 82, 0, 5688.16, 138.77339226234977
84, 83, 0, 5587.92, 150.93254652327312
85, 84, 0, 5606.56, 190.70691230262204
86, 85, 0, 5580.32, 124.54387821165678
87, 86, 0, 5731.28, 177.59043217470924
88, 87, 0, 16372.76, 50.16554993219949
89, 88, 0, 5915.84, 179.91613157246348
90, 89, 0, 5586.4, 126.26036591108075
91, 90, 0, 5726.64, 107.85875207881834
92, 91, 0, 5649.64, 152.3802821890024
93, 92, 0, 5699.64, 161.88239681941948
94, 93, 0, 5687.88, 101.09453793356
95, 94, 0, 5755.96, 162.31265631490353
96, 95, 0, 5196.64, 158.84454790769496
97, 96, 0, 5680.6, 195.67135712719934
98, 97, 0, 5571.84, 110.26139124825153
99, 98, 0, 5447.88, 158.50812471289916
100, 99, 0, 5614.44, 71.70499564186584
101, 100, 0, 5659.52, 168.27337757351873
102, 101, 0, 5515.04, 118.3227721108663
103, 102, 0, 5628.8, 143.05747096883826
104, 103, 0, 5736.72, 126.25070930493817
105, 104, 0, 5535.0, 158.97169559390125
106, 105, 0, 5609.6, 160.05099187446478
107, 106, 0, 5703.2, 170.29362877101423
108, 107, 0, 5516.92, 124.8877640123323
109, 108, 0, 5575.32, 119.59288273137325
110, 109, 0, 5593.36, 99.59111606965755
111, 110, 0, 5615.88, 140.16285385222432
112, 111, 0, 5581.0, 155.97974227443768
113, 112, 0, 5525.96, 113.86359558700049
114, 113, 0, 5688.44, 137.39580197371387
115, 114, 0, 5641.4, 152.66748180277293
116, 115, 0, 5532.0, 99.01474637648677
117, 116, 0, 5729.8, 145.47604613818731
118, 117, 0, 5568.92, 101.52474378199634
119, 118, 0, 5408.0, 174.56230979223437
120, 119, 0, 5367.84, 145.12192942488048
121, 120, 0, 5407.56, 114.98628787816396
122, 121, 0, 5630.32, 167.1425068616598
123, 122, 0, 5642.96, 139.03682389928215
124, 123, 0, 5841.68, 179.3728452135384
125, 124, 0, 5545.6, 145.23608367069116
126, 125, 0, 5701.32, 148.96784082479007
127, 126, 0, 5540.28, 120.24259478238152
128, 127, 0, 5501.28, 121.545553600286
129, 128, 0, 5539.0, 152.1720079383853
130, 129, 0, 5593.64, 170.95961628408037
131, 130, 0, 5775.52, 167.33131685371984
132, 131, 0, 5652.48, 141.20569960168038
133, 132, 0, 5441.56, 119.54048017303595
134, 133, 0, 5567.0, 167.29471001797995
135, 134, 0, 5943.28, 138.3680656799104
136, 135, 0, 5514.0, 117.40323675265516
137, 136, 0, 5675.12, 166.47457944082635
138, 137, 0, 5643.64, 130.57316110135346
139, 138, 0, 5741.64, 178.47977588511256
140, 139, 0, 5726.48, 165.00596837690443
141, 140, 0, 5552.76, 139.94464048329968
142, 141, 0, 5527.56, 189.44911295648757
143, 142, 0, 5643.44, 139.30113567376253
144, 143, 0, 5647.16, 214.1049611755879
145, 144, 0, 5675.24, 175.6023416700358
146, 145, 0, 5504.92, 125.27822476392299
147, 146, 0, 5676.64, 140.2240721131718
148, 147, 0, 5752.32, 169.63837301742788
149, 148, 0, 5534.24, 132.71813139130614
150, 149, 0, 5550.8, 107.12908101911452
151, 150, 0, 5815.28, 134.3284095044678
152, 151, 0, 5476.92, 113.91046308395028
153, 152, 0, 5648.96, 138.9015421080702
154, 153, 0, 5599.52, 138.02293142807827
155, 154, 0, 5485.96, 130.97373171747074
156, 155, 0, 5566.2, 139.9579936981093
157, 156, 0, 5519.96, 140.87511632648258
158, 157, 0, 5538.2, 153.2589964732903
159, 158, 0, 5752.28, 160.69611569667762
160, 159, 0, 5461.08, 131.12434404030395
161, 160, 0, 5645.8, 156.77652885556563
162, 161, 0, 5735.84, 163.27098456247515
163, 162, 0, 5500.32, 110.93339262818925
164, 163, 0, 5557.96, 125.23401454876387
165, 164, 0, 5451.12, 105.1947983504888
166, 165, 0, 5545.76, 114.19747107532635
167, 166, 0, 5521.28, 133.15300071722004
168, 167, 0, 5718.44, 109.06698125464003
169, 168, 0, 5683.12, 177.45541862676382
170, 169, 0, 5448.44, 116.96874112343005
171, 170, 0, 5558.48, 161.0846038577244
172, 171, 0, 5482.48, 118.99751930187452
173, 172, 0, 5632.96, 174.3501029537981
174, 173, 0, 5655.6, 131.05998626583175
175, 174, 0, 5548.36, 135.2088399476898
176, 175, 0, 5574.2, 159.70923580056353
177, 176, 0, 5457.4, 111.90531712121636
178, 177, 0, 5402.48, 168.9291259670753
179, 178, 0, 5497.72, 122.35767895804496
180, 179, 0, 5513.36, 132.4966052395306
181, 180, 0, 5439.16, 142.0455363607037
182, 181, 0, 5691.6, 147.41804502841572
183, 182, 0, 5608.2, 132.8030120140353
184, 183, 0, 5613.36, 91.21748955107239
185, 184, 0, 5486.16, 117.51278398540305
186, 185, 0, 5451.32, 118.90188223909662
187, 186, 0, 5443.0, 132.06028926213966
188, 187, 0, 5551.04, 130.89277443770533
189, 188, 0, 5417.4, 158.7773283564124
190, 189, 0, 5491.04, 166.54260235747486
191, 190, 0, 5419.08, 127.15688577501416
192, 191, 0, 5454.96, 141.54814869859652
193, 192, 0, 5534.48, 138.16746939855273
194, 193, 0, 5507.76, 121.05379960992548
195, 194, 0, 5395.64, 90.1864202638069
196, 195, 0, 5510.92, 114.82923669519015
197, 196, 0, 5506.44, 123.1230538932494
198, 197, 0, 5765.6, 150.70447903098307
199, 198, 0, 5594.52, 92.83280454666874
200, 199, 0, 5405.52, 126.2999984164687
201, 200, 0, 5556.08, 169.38687552464032
202, 201, 0, 5645.28, 165.4282974584457
203, 202, 0, 5636.76, 159.8650130578921
204, 203, 0, 5564.16, 159.60668657672207
205, 204, 0, 5516.64, 117.51080971553212
206, 205, 0, 5411.12, 139.4908799886215
207, 206, 0, 5535.56, 138.26238244728754
208, 207, 0, 5759.88, 163.9808086332056
209, 208, 0, 5471.12, 128.7460508132191
210, 209, 0, 5551.6, 107.27534665523108
211, 210, 0, 5448.48, 133.7338012620594
212, 211, 0, 5507.04, 174.91494618814025
213, 212, 0, 5566.72, 105.07198294502678
214, 213, 0, 5399.08, 124.58954049196907
215, 214, 0, 5418.32, 169.00407569049926
216, 215, 0, 5533.32, 177.3565268040621
217, 216, 0, 5763.32, 124.14724161253038
218, 217, 0, 5624.08, 137.13407162335696
219, 218, 0, 5493.08, 135.6474607207964
220, 219, 0, 5499.16, 118.46473905766221
221, 220, 0, 5531.28, 168.1255530845921
222, 221, 0, 5505.64, 107.8906409286737
223, 222, 0, 5575.44, 135.04372032789973
224, 223, 0, 5534.32, 120.71941683093073
225, 224, 0, 5510.52, 134.44110085833128
226, 225, 0, 5666.16, 137.660939993885
227, 226, 0, 5446.2, 107.17126480545055
228, 227, 0, 5489.0, 127.42087741025802
229, 228, 0, 5596.92, 116.38656967193423
230, 229, 0, 5525.72, 167.38088779786062
231, 230, 0, 5520.2, 114.00771903691434
232, 231, 0, 5445.24, 121.87248417916162
233, 232, 0, 5558.68, 142.6261462705909
234, 233, 0, 5497.2, 141.29968152830352
235, 234, 0, 5555.64, 143.32895869293128
236, 235, 0, 5686.2, 137.50170908028744
237, 236, 0, 5512.8, 126.12152869355809
238, 237, 0, 5504.8, 133.17417167003518
239, 238, 0, 5487.96, 137.8618090698073
240, 239, 0, 5502.48, 133.3719970608523
241, 240, 0, 5429.92, 118.07520315459975
242, 241, 0, 5541.4, 149.08574713902064
243, 242, 0, 5491.64, 153.47986968980655
244, 243, 0, 5637.12, 168.09290764336254
245, 244, 0, 5462.76, 94.13746544282992
246, 245, 0, 5683.32, 161.14011790984887
247, 246, 0, 5577.48, 131.22503419698543
248, 247, 0, 5610.4, 84.20498797577254
249, 248, 0, 5355.52, 161.23029988187707
250, 249, 0, 5541.56, 109.19233672744622
251, 250, 0, 5483.8, 112.16452202011118
252, 251, 0, 5330.56, 140.76706432969326
253, 252, 0, 5469.56, 180.24318683378857
254, 253, 0, 5568.12, 137.20184255322522
255, 254, 0, 5424.28, 140.93644525104216
256, 255, 0, 5513.0, 119.60100334027302
257, 256, 0, 5415.92, 100.50787829817125
258, 257, 0, 5538.4, 188.22390921453098
259, 258, 0, 5524.92, 184.06323261314304
260, 259, 0, 5403.08, 125.58755352342843
261, 260, 0, 5458.08, 117.62343984087528
262, 261, 0, 5584.04, 173.1675443031979
263, 262, 0, 5491.76, 103.86116887460875
264, 263, 0, 5500.44, 159.21057251325993
265, 264, 0, 5530.8, 135.21597538752584
266, 265, 0, 5474.52, 137.74646855727372
267, 266, 0, 5361.68, 117.6199710933479
268, 267, 0, 5512.84, 120.50151202370864
269, 268, 0, 5618.6, 111.52614043353245
270, 269, 0, 5511.4, 105.58143776251582
271, 270, 0, 5536.2, 118.61028623184414
272, 271, 0, 5709.8, 146.29832534926706
273, 272, 0, 5692.04, 162.21355800302265
274, 273, 0, 5432.4, 135.60825933548443
275, 274, 0, 5524.76, 136.1391288351736
276, 275, 0, 5785.36, 163.97704229556038
277, 276, 0, 5401.28, 116.25438314317446
278, 277, 0, 5401.72, 119.10785700364185
279, 278, 0, 5429.0, 127.7372302815432
280, 279, 0, 5766.28, 132.93893936691384
281, 280, 0, 5361.08, 135.80454189753743
282, 281, 0, 5508.24, 116.22264151188443
283, 282, 0, 5490.88, 120.44362000537842
284, 283, 0, 5447.72, 128.27767381738727
285, 284, 0, 5464.64, 182.90475772926195
286, 285, 0, 5570.76, 73.18375776085838
287, 286, 0, 5450.44, 140.47379257356158
288, 287, 0, 5339.68, 121.5722731546959
289, 288, 0, 5496.36, 144.09326979425515
290, 289, 0, 5558.92, 138.15785753984463
291, 290, 0, 5375.16, 126.97548739815883
292, 291, 0, 5621.04, 133.480629306278
293, 292, 0, 5442.24, 115.98940641282721
294, 293, 0, 5449.88, 149.1748826042776
295, 294, 0, 5503.32, 126.66008684664635
296, 295, 0, 5449.64, 110.40321734442344
297, 296, 0, 5363.88, 110.32364025901248
298, 297, 0, 5460.0, 113.09960212131607
299, 298, 0, 5872.08, 171.71905427179595
300, 299, 0, 5565.28, 131.917707681721
301, 300, 0, 5524.6, 121.10127992717499
302, 301, 0, 5478.32, 129.7649320887581
303, 302, 0, 5561.24, 132.62014326639826
304, 303, 0, 5574.36, 98.41133268074364
305, 304, 0, 5457.32, 143.70545431541558
306, 305, 0, 5629.12, 141.93754119330094
307, 306, 0, 5563.96, 134.2554222368691
308, 307, 0, 5539.4, 93.79850745081181
309, 308, 0, 5408.32, 129.0567998983393
310, 309, 0, 5369.36, 116.68243398215515
311, 310, 0, 5520.32, 132.348545893032
312, 311, 0, 5650.04, 134.09324516917326
313, 312, 0, 5395.96, 140.60170126993486
314, 313, 0, 5523.12, 161.37987978679377
315, 314, 0, 5365.8, 146.53845911568743
316, 315, 0, 5552.72, 146.89030464942198
317, 316, 0, 5510.08, 126.07836293353434
318, 317, 0, 5742.44, 153.2224735474532
319, 318, 0, 5509.68, 121.79284708060648
320, 319, 0, 5450.44, 146.68689921052936
321, 320, 0, 5415.48, 146.3970272922234
322, 321, 0, 5355.88, 128.33092222843254
323, 322, 0, 5397.96, 183.74645139430584
324, 323, 0, 5550.6, 124.85607714484703
325, 324, 0, 5403.76, 128.93666041898248
326, 325, 0, 5452.88, 122.67528520447792
327, 326, 0, 5873.0, 118.0921673947938
328, 327, 0, 5537.12, 121.44704854379954
329, 328, 0, 5596.44, 164.4238620152197
330, 329, 0, 5443.6, 154.570889885515
331, 330, 0, 5518.32, 107.68499245484489
332, 331, 0, 5542.64, 181.17878021446109
333, 332, 0, 5442.28, 111.57724499197855
334, 333, 0, 5456.56, 175.77669470097564
335, 334, 0, 5718.6, 168.70542374209552
336, 335, 0, 5398.68, 111.82082811354957
337, 336, 0, 5423.0, 138.75676560081675
338, 337, 0, 5440.04, 131.4313448154587
339, 338, 0, 5547.12, 153.12931006179062
340, 339, 0, 5573.16, 110.26284233593836
341, 340, 0, 5593.08, 161.20122083904945
342, 341, 0, 5408.84, 174.77109143104877
343, 342, 0, 5388.52, 136.07295690180322
344, 343, 0, 5473.8, 111.10535540647892
345, 344, 0, 5416.32, 88.43516042841784
346, 345, 0, 5702.64, 147.05560308944368
347, 346, 0, 5560.48, 129.00019224791873
348, 347, 0, 5477.12, 154.77527451114403
349, 348, 0, 5621.44, 150.51008736958462
350, 349, 0, 5421.6, 158.49744477435593
351, 350, 0, 6112.0, 195.9812235904246
352, 351, 0, 5455.12, 130.49423588802688
353, 352, 0, 5403.16, 162.63448096882777
354, 353, 0, 5405.88, 128.19463951351477
355, 354, 0, 5504.88, 140.51115827577536
356, 355, 0, 5554.24, 149.02195274522475
357, 356, 0, 5429.64, 125.06858278560608
358, 357, 0, 5532.64, 137.14689351202964
359, 358, 0, 5404.32, 120.15513971528641
360, 359, 0, 5569.6, 113.38183275992675
361, 360, 0, 5436.28, 117.09979333884411
362, 361, 0, 5832.56, 137.3792065779971
363, 362, 0, 5563.92, 111.09956615576858
364, 363, 0, 5530.8, 127.62632957191865
365, 364, 0, 5479.76, 113.879332628884
366, 365, 0, 5698.36, 164.2699923905763
367, 366, 0, 5820.88, 147.27180857176975
368, 367, 0, 5382.24, 126.51301276943808
369, 368, 0, 5394.8, 159.80062578100248
370, 369, 0, 5391.0, 133.54879258158795
371, 370, 0, 5552.0, 189.8430931058594
372, 371, 0, 5595.56, 130.42425541286406
373, 372, 0, 5603.68, 122.05956578654535
374, 373, 0, 5555.24, 125.42129962649886
375, 374, 0, 5552.16, 167.9568230230615
376, 375, 0, 5838.52, 132.84761796885934
377, 376, 0, 5464.36, 129.48108124355463
378, 377, 0, 5369.84, 125.25547652697662
379, 378, 0, 5384.36, 129.39857186228912
380, 379, 0, 5490.68, 119.46839582081948
381, 380, 0, 5647.96, 160.73119921160296
382, 381, 0, 5747.12, 153.50109315571663
383, 382, 0, 5382.16, 139.40980740249228
384, 383, 0, 5627.4, 106.08751104630554
385, 384, 0, 5583.88, 152.74719506426297
386, 385, 0, 5440.32, 131.53394086698688
387, 386, 0, 5644.96, 153.2721709900398
388, 387, 0, 5470.76, 123.68808511736285
389, 388, 0, 5381.28, 131.92892632019712
390, 389, 0, 5502.44, 73.36706618095069
391, 390, 0, 5498.16, 145.882056470287
392, 391, 0, 5675.12, 96.45115655086775
393, 392, 0, 5517.76, 128.21958664728254
394, 393, 0, 5564.4, 130.89079417590833
395, 394, 0, 5458.72, 112.76826503941612
396, 395, 0, 5572.36, 161.91822133410432
397, 396, 0, 5520.8, 124.8022435695769
398, 397, 0, 5428.64, 119.61333704900971
399, 398, 0, 5423.12, 111.3895219488799
400, 399, 0, 5791.32, 174.99685025736892
401, 400, 0, 5553.2, 133.7059460158747
402, 401, 0, 5496.88, 138.96828990816576
403, 402, 0, 5504.08, 128.3532375906428
404, 403, 0, 5490.76, 107.33173994676503
405, 404, 0, 5464.28, 120.6311800489409
406, 405, 0, 5558.68, 124.0495771858977
407, 406, 0, 5602.04, 180.81979537650184
408, 407, 0, 5666.0, 111.15502687688038
409, 408, 0, 5355.64, 137.84857779462214
410, 409, 0, 5529.88, 133.06188635368133
411, 410, 0, 5411.68, 132.85231499676624
412, 411, 0, 5425.16, 155.97427480196856
413, 412, 0, 5437.96, 118.25480286229394
414, 413, 0, 5438.36, 104.24351490620411
415, 414, 0, 5552.72, 106.47798645729547
416, 415, 0, 5435.76, 142.40232582370277
417, 416, 0, 5662.64, 98.90556303868857
418, 417, 0, 5452.36, 132.81472207552895
419, 418, 0, 5459.52, 134.7745139111991
420, 419, 0, 5536.8, 124.98223873815033
421, 420, 0, 5417.92, 164.96543153036635
422, 421, 0, 5522.92, 112.44231232058509
423, 422, 0, 5382.88, 128.8485374383427
424, 423, 0, 5512.28, 134.8289345800819
425, 424, 0, 5431.08, 167.36831719295026
426, 425, 0, 5576.0, 117.3749547390754
427, 426, 0, 5469.32, 127.89017788712312
428, 427, 0, 5471.2, 121.53682569493084
429, 428, 0, 5533.48, 171.37680589858124
430, 429, 0, 5659.64, 160.16563426653047
431, 430, 0, 5583.24, 123.91134895561423
432, 431, 0, 5721.6, 115.73659749621119
433, 432, 0, 5470.4, 125.97650574611126
434, 433, 0, 5618.64, 108.9101941968703
435, 434, 0, 5729.76, 133.216899828813
436, 435, 0, 5422.76, 130.64004898958052
437, 436, 0, 5482.64, 122.53452737902079
438, 437, 0, 5475.56, 133.7926993523937
439, 438, 0, 5476.88, 167.57978875747517
440, 439, 0, 5702.8, 98.19001985945414
441, 440, 0, 5368.88, 140.52226015831087
442, 441, 0, 5541.8, 107.31411836286966
443, 442, 0, 5482.36, 160.13091644026767
444, 443, 0, 5641.4, 136.91135818477588
445, 444, 0, 4360.08, 104.39153988710004
446, 445, 0, 5512.84, 175.94423662058387
447, 446, 0, 5441.12, 129.26478870906803
448, 447, 0, 5519.32, 142.12324792235785
449, 448, 0, 5521.44, 120.91619577211318
450, 449, 0, 5461.6, 155.34967009942443
451, 450, 0, 5506.68, 122.19254314400692
452, 451, 0, 5452.2, 137.10784076776935
453, 452, 0, 5715.2, 150.85940474494788
454, 453, 0, 5654.08, 161.3968822499369
455, 454, 0, 5565.96, 104.51697661145771
456, 455, 0, 5610.12, 167.1644268377695
457, 456, 0, 5510.6, 190.89557354742408
458, 457, 0, 5659.48, 137.83704001464918
459, 458, 0, 5575.8, 147.16847488507858
460, 459, 0, 5530.44, 112.31209373883115
461, 460, 0, 5575.36, 177.3759577845882
462, 461, 0, 5541.2, 109.44733893521577
463, 462, 0, 5512.56, 121.52631978300008
464, 463, 0, 5477.2, 122.71919165313956
465, 464, 0, 5574.96, 158.0482154280775
466, 465, 0, 5498.4, 135.04043838791398
467, 466, 0, 5438.48, 110.86861413402801
468, 467, 0, 5569.48, 165.00015030296186
469, 468, 0, 5606.4, 147.1423800269657
470, 469, 0, 5660.0, 161.91849801674914
471, 470, 0, 5587.92, 143.41434237899642
472, 471, 0, 5511.4, 193.56528614397777
473, 472, 0, 5681.16, 157.38378061287
474, 473, 0, 5504.52, 181.47906105113063
475, 474, 0, 5686.56, 169.19670918785627
476, 475, 0, 5676.64, 99.45888798895753
477, 476, 0, 5533.24, 148.49869494376034
478, 477, 0, 5464.6, 121.02793066065371
479, 478, 0, 5596.2, 155.93639729069028
480, 479, 0, 5490.36, 143.98913292328695
481, 480, 0, 5645.56, 184.1388780241696
482, 481, 0, 5487.0, 107.57248718887186
483, 482, 0, 5595.36, 144.38833193856073
484, 483, 0, 5712.6, 113.48198094851887
485, 484, 0, 5485.32, 113.17092206039499
486, 485, 0, 5472.48, 167.1112491725198
487, 486, 0, 5620.84, 155.29808240928153
488, 487, 0, 5597.96, 142.2227773600277
489, 488, 0, 5462.56, 123.29187483366454
490, 489, 0, 5610.92, 151.79484049202728
491, 490, 0, 5364.76, 106.59016089677321
492, 491, 0, 5351.6, 164.6659649107854
493, 492, 0, 5398.44, 103.7466452469669
494, 493, 0, 5513.68, 111.05123862433949
495, 494, 0, 5502.88, 191.15529184409206
496, 495, 0, 5539.32, 127.32595022225438
497, 496, 0, 5434.44, 138.9305092483289
498, 497, 0, 5631.48, 138.7190311384851
499, 498, 0, 5329.96, 133.58038179313607
500, 499, 0, 5535.88, 128.73704051282212
501, 500, 0, 5618.08, 137.24719887851992
502, 501, 0, 5684.2, 154.9980645040447
503, 502, 0, 5495.4, 113.63766981067499
504, 503, 0, 5764.68, 130.642326984787
505, 504, 0, 5391.16, 117.3700745505429
506, 505, 0, 5587.88, 144.86719987630048
507, 506, 0, 5412.16, 155.5055445956831
508, 507, 0, 5468.84, 121.0023735304395
509, 508, 0, 5546.36, 152.3577054172187
510, 509, 0, 5481.44, 94.38816875011402
511, 510, 0, 5487.76, 176.33996257229956
512, 511, 0, 5546.96, 134.67426777228084
513, 512, 0, 5640.08, 138.1375893810226
514, 513, 0, 5629.88, 151.5895299814601
515, 514, 0, 5826.92, 176.02020793079413
516, 515, 0, 5634.44, 222.65831760794387
517, 516, 0, 5488.08, 103.52542489649582
518, 517, 0, 5547.0, 156.77193626411585
519, 518, 0, 5456.44, 111.23635376979958
520, 519, 0, 5503.48, 127.07544845484512
521, 520, 0, 5496.92, 108.21457203168157
522, 521, 0, 5631.52, 171.5918692712449
523, 522, 0, 5727.16, 112.87964564083288
524, 523, 0, 5612.88, 194.1507290740882
525, 524, 0, 5474.36, 113.43751760330441
526, 525, 0, 5605.48, 151.28942329191423
527, 526, 0, 5636.64, 134.21173719164804
528, 527, 0, 5515.96, 131.96650484119067
529, 528, 0, 5734.24, 143.01168623577587
530, 529, 0, 5562.64, 119.34483817911855
531, 530, 0, 5519.84, 102.67645494464637
532, 531, 0, 5462.48, 126.17420338563666
533, 532, 0, 5516.76, 123.70684055459508
534, 533, 0, 5580.2, 136.48150057791716
535, 534, 0, 5809.28, 147.32101547301392
536, 535, 0, 5520.92, 129.81985056223104
537, 536, 0, 5869.64, 151.9275827491506
538, 537, 0, 5409.56, 122.08229355643675
539, 538, 0, 5578.16, 138.2284138663249
540, 539, 0, 5627.88, 167.28546141252087
541, 540, 0, 5550.04, 158.3427876475591
542, 541, 0, 5745.24, 168.92608561142947
543, 542, 0, 5709.76, 177.87147719631724
544, 543, 0, 5649.64, 86.71557184266273
545, 544, 0, 5477.76, 110.71017297430261
546, 545, 0, 5558.16, 107.453684906568
547, 546, 0, 5819.64, 142.51452697883119
548, 547, 0, 5758.6, 113.07519621915321
549, 548, 0, 5409.16, 116.15013732234671
550, 549, 0, 5534.04, 126.94423342554794
551, 550, 0, 5572.32, 153.8577836835043
552, 551, 0, 5665.72, 144.7305137142821
553, 552, 0, 5524.28, 97.28741748037099
554, 553, 0, 5525.76, 170.0765192494249
555, 554, 0, 5736.8, 181.14458313733812
556, 555, 0, 5724.84, 120.55427989084419
557, 556, 0, 5449.52, 124.6839588720217
558, 557, 0, 5732.16, 182.5099843844166
559, 558, 0, 5655.12, 152.50818207558572
560, 559, 0, 5772.6, 156.14659778554255
561, 560, 0, 5467.6, 158.1940580426458
562, 561, 0, 5652.48, 93.44565051408223
563, 562, 0, 5686.28, 181.8547816253397
564, 563, 0, 5810.96, 127.0015684942513
565, 564, 0, 5662.44, 182.59881270150692
566, 565, 0, 5670.84, 144.1886763931204
567, 566, 0, 5527.76, 135.20777492437333
568, 567, 0, 5689.84, 161.3554287899852
569, 568, 0, 5661.76, 182.9514208745043
570, 569, 0, 5704.96, 120.43337743333448
571, 570, 0, 5632.84, 124.54707704318072
572, 571, 0, 5856.36, 167.08390227667059
573, 572, 0, 5649.24, 126.25475198977662
574, 573, 0, 5662.4, 161.64900247140403
575, 574, 0, 5768.44, 136.16227965189185
576, 575, 0, 5545.84, 104.64021406705932
577, 576, 0, 5580.96, 169.7844468730867
578, 577, 0, 5588.36, 141.2237600405824
579, 578, 0, 5512.56, 150.2496801993269
580, 579, 0, 5744.92, 179.2673801894812
581, 580, 0, 5562.68, 111.7732418783673
582, 581, 0, 5370.76, 128.74634907444948
583, 582, 0, 5462.2, 134.57577790969665
584, 583, 0, 5476.2, 113.24981236187546
585, 584, 0, 5648.56, 157.18271660713847
586, 585, 0, 5582.64, 181.00273589092512
587, 586, 0, 5556.56, 142.90110706359133
588, 587, 0, 5730.88, 107.10306064721026
589, 588, 0, 5533.24, 121.8892218368794
590, 589, 0, 5585.88, 151.95902605636826
591, 590, 0, 5478.76, 122.87563794341007
592, 591, 0, 5526.84, 134.94789512993523
593, 592, 0, 5457.56, 190.50565975844395
594, 593, 0, 5581.52, 136.59813175882022
595, 594, 0, 5538.4, 164.46105922071646
596, 595, 0, 5729.64, 139.52344032455622
597, 596, 0, 5533.32, 156.87134091350146
598, 597, 0, 5732.72, 146.22900396296214
599, 598, 0, 5747.04, 119.29039525460547
600, 599, 0, 5609.44, 143.8068371114531
601, 600, 0, 5655.28, 200.719011555956
602, 601, 0, 5621.28, 141.7396260754204
603, 602, 0, 5443.2, 115.2215257666726
604, 603, 0, 5405.68, 168.35408400154716
605, 604, 0, 5506.68, 136.36120269343473
606, 605, 0, 5568.88, 149.04236176335908
607, 606, 0, 5582.44, 152.45801520418664
608, 607, 0, 5736.0, 129.03022901630453
609, 608, 0, 5592.76, 128.2099153731879
610, 609, 0, 5563.84, 141.5490529816431
611, 610, 0, 5793.52, 165.56814186310118
612, 611, 0, 5622.56, 114.22681996799179
613, 612, 0, 5719.88, 165.4306670481625
614, 613, 0, 5612.52, 120.37678181443462
615, 614, 0, 5674.28, 178.39495957005064
616, 615, 0, 5535.52, 139.70143020026674
617, 616, 0, 5422.0, 163.8282027002677
618, 617, 0, 5688.32, 162.12704154458623
619, 618, 0, 5476.52, 143.80406670188432
620, 619, 0, 5655.04, 124.9913533009384
621, 620, 0, 5609.92, 117.39196565353184
622, 621, 0, 5664.52, 196.3213936380852
623, 622, 0, 5678.12, 144.9878119015526
624, 623, 0, 5510.96, 173.07997688929817
625, 624, 0, 5776.96, 166.19662571785264
626, 625, 0, 5480.6, 105.86557514130833
627, 626, 0, 5644.72, 158.00924529912797
628, 627, 0, 5644.08, 186.63759964165848
629, 628, 0, 5532.52, 172.15809478499696
630, 629, 0, 5751.24, 171.95657126146702
631, 630, 0, 5476.56, 159.82242145581455
632, 631, 0, 5717.24, 161.1844359732043
633, 632, 0, 5573.6, 131.27193150098768
634, 633, 0, 5477.6, 118.07658531648008
635, 634, 0, 5820.36, 144.17180861735764
636, 635, 0, 5392.8, 121.76042049861688
637, 636, 0, 5454.04, 162.93274195200914
638, 637, 0, 5907.64, 136.88414955720768
639, 638, 0, 5568.72, 100.69062319799198
640, 639, 0, 8933.6, 241.74383135873393
641, 0, 1, 5642.0, 140.61465073028486
642, 103, 1, 3869.68, 138.23971064784533
643, 639, 1, 5610.48, 133.40288452653488
644, 0, 2, 5600.2, 138.71207589824326
645, 639, 2, 5530.84, 152.9302272279748
646, 0, 3, 5527.8, 155.6578298705208
647, 146, 3, 3393.4, 115.40502588709037
648, 639, 3, 5523.8, 94.84302820977406
649, 0, 4, 5613.96, 144.95971302399852
650, 43, 4, 16342.04, 93.85115023269562
651, 639, 4, 5573.84, 112.144435439303
652, 0, 5, 5441.16, 155.93734126244425
653, 167, 5, 16383.0, 0.0
654, 639, 5, 5569.76, 201.36499795148114
655, 0, 6, 5673.12, 121.78746076669799
656, 217, 6, 4201.72, 134.8482168958863
657, 639, 6, 5531.96, 139.19783906368662
658, 0, 7, 6846.76, 163.54064448937459
659, 639, 7, 5474.32, 156.0186450396234
660, 0, 8, 5714.76, 116.39253584315446
661, 639, 8, 5516.96, 96.50097616086585
662, 0, 9, 5493.28, 184.1155115681457
663, 639, 9, 5751.36, 117.95486594456374
664, 0, 10, 5535.28, 192.71585715762987
665, 639, 10, 5548.04, 103.75373920972679
666, 0, 11, 5383.24, 161.4383547983564
667, 71, 11, 3716.28, 148.62261469910962
668, 639, 11, 5746.56, 187.91063407907495
669, 0, 12, 5545.96, 157.53208689025865
670, 639, 12, 5521.88, 126.57624421667758
671, 0, 13, 5373.4, 138.05651016884357
672, 639, 13, 5509.68, 85.29183782754363
673, 0, 14, 5605.24, 126.66626385900864
674, 639, 14, 5611.44, 162.79436845296584
675, 0, 15, 5602.72, 191.93280490838453
676, 639, 15, 5480.56, 107.63979933091665
677, 0, 16, 5525.16, 145.08664445771706
678, 639, 16, 5566.4, 147.48179548676507
679, 0, 17, 5605.6, 147.28475820667936
680, 639, 17, 5517.76, 138.47144976492447
681, 0, 18, 5630.64, 105.95390695958314
682, 639, 18, 5847.68, 148.7706207555779
683, 0, 19, 5382.64, 165.1142343954633
684, 639, 19, 5744.6, 155.55732062490662
685, 0, 20, 5670.88, 113.70217939863774
686, 639, 20, 5543.08, 95.25877177457204
687, 0, 21, 5733.0, 106.29317946133703
688, 639, 21, 5866.08, 116.9416675099171
689, 0, 22, 5653.2, 138.90831508588676
690, 639, 22, 5679.0, 177.371925625224
691, 0, 23, 5444.04, 141.57018895233557
692, 639, 23, 5717.24, 159.16790631279912
693, 0, 24, 5638.16, 141.51542106781153
694, 318, 24, 3535.04, 105.59146935240553
695, 639, 24, 5525.52, 135.6088846646856
696, 0, 25, 5478.12, 188.40155413371724
697, 639, 25, 5824.16, 146.10069951920147
698, 0, 26, 5608.84, 142.7831026417342
699, 639, 26, 5764.52, 161.56141123424243
700, 0, 27, 5685.48, 110.78415771219274
701, 639, 27, 5732.48, 143.75983305499489
702, 0, 28, 5662.44, 103.98233696162055
703, 639, 28, 5784.56, 180.14462634228087
704, 0, 29, 5715.92, 96.86193060227532
705, 639, 29, 5698.56, 123.13604833678885
706, 0, 30, 5731.32, 103.2204320859005
707, 639, 30, 5784.12, 155.86412544264314
708, 0, 31, 5704.96, 99.4494766200406
709, 639, 31, 5588.64, 138.89704964469186
710, 0, 32, 5596.28, 148.57739262754612
711, 639, 32, 5625.84, 171.48636797133466
712, 0, 33, 5633.92, 138.69273088377776
713, 639, 33, 5566.72, 174.12145646071306
714, 0, 34, 5573.24, 158.67029463639375
715, 639, 34, 5829.36, 169.4451840566736
716, 0, 35, 5675.52, 124.63229757972047
717, 639, 35, 5458.96, 122.83435350096487
718, 0, 36, 5551.16, 155.71606981939917
719, 639, 36, 5845.44, 184.25636054150206
720, 0, 37, 5446.12, 178.7257832546832
721, 639, 37, 5845.72, 136.37551686428174
722, 0, 38, 5707.4, 108.02629309570888
723, 639, 38, 5724.92, 162.48296403007916
724, 0, 39, 5431.28, 185.4008673118872
725, 639, 39, 5586.84, 131.77395190249095
726, 0, 40, 5622.36, 130.2633885633258
727, 639, 40, 5642.44, 151.83097971099312
728, 0, 41, 5306.24, 186.33309528905488
729, 639, 41, 5674.16, 179.53466072043025
730, 0, 42, 5787.28, 114.66211928967651
731, 639, 42, 5755.92, 166.47135969889837
732, 0, 43, 5438.44, 146.94382055738174
733, 639, 43, 5828.8, 169.80977592588715
734, 0, 44, 5716.76, 118.88693115729752
735, 639, 44, 5783.32, 144.34173893922713
736, 0, 45, 5495.2, 158.9930816104902
737, 639, 45, 5583.28, 172.45834743496764
738, 0, 46, 5726.68, 97.93741675171955
739, 639, 46, 5564.6, 117.02341646012562
740, 0, 47, 5456.52, 179.39144238229426
741, 639, 47, 5842.68, 128.56460477129775
742, 0, 48, 5695.88, 109.36665671035206
743, 639, 48, 5893.88, 112.66173085835314
744, 0, 49, 5326.2, 172.14807579522926
745, 639, 49, 5907.76, 139.485706794639
746, 0, 50, 5495.96, 160.91997514292626
747, 639, 50, 5761.64, 177.39625249705813
748, 0, 51, 5408.12, 148.10329368383407
749, 639, 51, 5841.08, 152.35902861333818
750, 0, 52, 5503.68, 189.21199116335097
751, 639, 52, 5826.72, 157.6932515994264
752, 0, 53, 5554.16, 171.69057749334993
753, 431, 53, 5749.4, 171.8741399978484
754, 639, 53, 5784.56, 182.47675578001707
755, 0, 54, 5780.6, 141.5205992073239
756, 639, 54, 5849.12, 137.3370510823645
757, 0, 55, 5445.88, 182.13079256402526
758, 639, 55, 5975.68, 116.43701129795454
759, 0, 56, 5648.08, 134.24005959474243
760, 639, 56, 5814.16, 156.44083354418692
761, 0, 57, 5744.84, 105.46987437178446
762, 639, 57, 5652.2, 156.30534219917118
763, 0, 58, 5570.36, 146.0374965548232
764, 639, 58, 5825.0, 147.4137035692408
765, 0, 59, 5454.96, 158.36931015825002
766, 639, 59, 5806.36, 172.60773563198146
767, 0, 60, 5410.4, 137.31161640589625
768, 639, 60, 5766.36, 166.8956272644673
769, 0, 61, 5637.12, 141.96571980587427
770, 639, 61, 5734.72, 177.57962045234808
771, 0, 62, 5461.44, 143.51810478124355
772, 639, 62, 5729.4, 149.50933081249477
773, 0, 63, 5643.96, 128.14350705361545
774, 639, 63, 5475.76, 104.18724682032824
775, 0, 64, 5664.56, 123.20262334869335
776, 639, 64, 5734.96, 167.7916517589597
777, 0, 65, 5524.4, 153.03777311500582
778, 639, 65, 5780.04, 140.5530447909258
779, 0, 66, 5416.84, 133.85594644990564
780, 639, 66, 5613.96, 148.1913573728239
781, 0, 67, 5521.8, 155.89663242033163
782, 639, 67, 5619.88, 94.26189898362964
783, 0, 68, 5677.96, 124.30590653705885
784, 596, 68, 3670.48, 148.97439243037712
785, 639, 68, 5784.56, 152.9742671170547
786, 0, 69, 5647.96, 131.64269216329478
787, 398, 69, 5997.36, 122.20274301340378
788, 639, 69, 5773.88, 139.64592940719754
789, 0, 70, 5483.32, 193.5176932479302
790, 639, 70, 5877.64, 140.94704821314988
791, 0, 71, 5657.28, 138.03782669978546
792, 639, 71, 5741.96, 130.17049742549193
793, 0, 72, 5690.72, 102.16399365725678
794, 639, 72, 5520.24, 113.4746773513809
795, 0, 73, 5624.52, 137.3305850857703
796, 639, 73, 5812.88, 130.78297136859982
797, 0, 74, 5561.12, 159.7235912443744
798, 639, 74, 5913.32, 130.2845255584868
799, 0, 75, 5551.24, 204.03318945700966
800, 639, 75, 5784.12, 179.5463884348555
801, 0, 76, 5625.68, 140.4161586143133
802, 639, 76, 5787.0, 169.36871021531692
803, 0, 77, 5507.56, 160.82738075340282
804, 639, 77, 5816.2, 176.2529999744685
805, 0, 78, 5579.52, 154.1729210983563
806, 639, 78, 5830.84, 141.448133250319
807, 0, 79, 5723.2, 106.19905837623985
808, 639, 79, 5811.0, 182.114469496523
809, 0, 80, 5772.4, 103.2612221504278
810, 639, 80, 5621.72, 140.55220240181225
811, 0, 81, 5587.8, 143.34210825852955
812, 13, 81, 16383.0, 0.0
813, 639, 81, 5595.0, 119.88361022258213
814, 0, 82, 5645.92, 114.76756336177918
815, 639, 82, 5871.6, 122.00360650407022
816, 0, 83, 5586.2, 143.62896643783245
817, 250, 83, 3398.44, 87.28210813219395
818, 639, 83, 5753.12, 128.33279237981225
819, 0, 84, 5691.88, 114.83599435717008
820, 639, 84, 5775.0, 156.5385575505281
821, 0, 85, 5462.56, 177.73307626888135
822, 639, 85, 5798.56, 150.85730476181786
823, 0, 86, 5336.92, 187.85482053969233
824, 639, 86, 5822.28, 179.37280061369393
825, 0, 87, 5693.8, 100.34301171481751
826, 639, 87, 5796.04, 164.05522972462657
827, 0, 88, 5376.48, 167.14379916706451
828, 39, 88, 13387.28, 102.67483430714657
829, 639, 88, 5887.96, 145.92367319938188
830, 0, 89, 5522.64, 158.6800252079637
831, 639, 89, 5506.36, 129.23989476937837
832, 0, 90, 5823.44, 128.3819551183109
833, 639, 90, 5706.76, 120.88681648550433
834, 0, 91, 5647.16, 107.25695501924336
835, 639, 91, 5838.32, 171.81984053071403
836, 0, 92, 5503.08, 153.42018641626007
837, 639, 92, 5771.08, 134.87058092853312
838, 0, 93, 5643.84, 117.21183557985941
839, 639, 93, 5597.64, 163.32908620328467
840, 0, 94, 5643.08, 111.00843931881937
841, 639, 94, 5672.64, 193.13992440715097
842, 0, 95, 5713.36, 120.10990966610541
843, 639, 95, 5831.6, 174.00919515933631
844, 0, 96, 5742.04, 118.3961080441414
845, 639, 96, 5824.0, 102.8439594725913
846, 0, 97, 5708.64, 111.96566616601716
847, 223, 97, 5175.32, 131.47645264457051
848, 639, 97, 5890.36, 107.16711435883677
849, 0, 98, 5496.84, 147.33517706237026
850, 639, 98, 5898.48, 160.08400794582823
851, 0, 99, 5438.16, 162.2116346012209
852, 639, 99, 5820.8, 170.08139228028443
853, 0, 100, 5398.0, 179.88952165148476
854, 639, 100, 5752.6, 147.9583725241664
855, 0, 101, 5409.6, 177.27492772527083
856, 639, 101, 5827.56, 171.10326238853543
857, 0, 102, 5412.56, 141.31668832802444
858, 639, 102, 5779.76, 155.30235799884042
859, 0, 103, 5387.16, 142.5248553761764
860, 639, 103, 5956.56, 130.47546282730713
861, 0, 104, 5716.12, 101.92401875907366
862, 639, 104, 5826.68, 166.9466309932608
863, 0, 105, 5795.08, 124.46972965343824
864, 639, 105, 5685.12, 153.89381274112355
865, 0, 106, 5564.24, 163.9412772915961
866, 639, 106, 5859.32, 155.32230232648496
867, 0, 107, 5613.92, 124.39225699375345
868, 639, 107, 5551.08, 144.64464594308356
869, 0, 108, 5555.44, 150.98876249575662
870, 639, 108, 5790.96, 140.4180843054056
871, 0, 109, 5657.08, 138.1291917011028
872, 639, 109, 5857.44, 155.94949951827354
873, 0, 110, 5729.56, 107.72634960862639
874, 639, 110, 5876.48, 133.99078177247864
875, 0, 111, 5427.32, 146.52937452947788
876, 639, 111, 5891.24, 122.82810101926998
877, 0, 112, 5408.64, 180.4050730994004
878, 639, 112, 5719.08, 119.60197991672213
879, 0, 113, 5676.0, 128.82297931658002
880, 639, 113, 5915.04, 142.4226049473889
881, 0, 114, 5592.4, 163.40183597499754
882, 639, 114, 5750.12, 161.33501045960233
883, 0, 115, 5439.28, 179.4593034646017
884, 639, 115, 5653.64, 122.05011429736557
885, 0, 116, 5458.08, 187.70869345877406
886, 639, 116, 5739.24, 136.96022196243695
887, 0, 117, 5347.8, 143.68660341173077
888, 639, 117, 5809.96, 171.98290147569904
889, 0, 118, 5715.96, 126.70421618872831
890, 639, 118, 5675.96, 140.77087198706982
891, 0, 119, 5407.24, 132.0179624142109
892, 639, 119, 5761.64, 143.3376098586829
893, 0, 120, 5653.44, 139.48077430241057
894, 639, 120, 5798.92, 147.63466259655965
895, 0, 121, 5545.84, 158.86564889868419
896, 140, 121, 4169.2, 74.38924653469748
897, 639, 121, 5950.76, 127.81557964504954
898, 0, 122, 5615.12, 148.55929994450028
899, 639, 122, 5821.16, 135.91782223093483
900, 0, 123, 5578.76, 134.73122281045326
901, 639, 123, 5639.84, 186.04874200058435
902, 0, 124, 5614.48, 137.5823011873257
903, 639, 124, 5708.88, 124.59287941130502
904, 0, 125, 5563.24, 156.3906084136768
905, 639, 125, 5706.72, 177.56182472592468
906, 0, 126, 5493.2, 156.9952865534504
907, 227, 126, 3559.6, 125.28144315899303
908, 639, 126, 5764.36, 161.693012836053
909, 0, 127, 5640.04, 138.54081853374475
910, 639, 127, 5654.32, 172.25950655914465
911, 0, 128, 5593.92, 142.39351670634449
912, 639, 128, 5748.12, 160.02082864427368
913, 0, 129, 5435.6, 140.3358827955274
914, 639, 129, 5816.52, 115.58516167744023
915, 0, 130, 5754.16, 106.45061953788714
916, 639, 130, 5519.28, 104.61989103416234
917, 0, 131, 5435.44, 188.20161104517678
918, 639, 131, 5797.28, 134.85800532411858
919, 0, 132, 5630.64, 147.75002673434614
920, 639, 132, 5814.8, 152.55949659067443
921, 0, 133, 5702.08, 100.97442052321965
922, 639, 133, 5596.08, 144.92533801927115
923, 0, 134, 5520.96, 154.1732739485025
924, 639, 134, 5813.56, 121.02564356366794
925, 0, 135, 5784.4, 145.13993247897008
926, 639, 135, 5766.32, 123.9424769802508
927, 0, 136, 5449.88, 186.35521350367418
928, 639, 136, 5636.56, 142.40198875015756
929, 0, 137, 5442.36, 174.64086119805984
930, 639, 137, 5887.32, 155.39310666821743
931, 0, 138, 5721.36, 97.35168411486264
932, 639, 138, 5795.52, 166.66256208279052
933, 0, 139, 5476.2, 158.12779641796064
934, 639, 139, 5725.28, 140.63101222703332
935, 0, 140, 5787.8, 88.46377789807532
936, 639, 140, 5667.04, 142.3740088639777
937, 0, 141, 5625.08, 120.353785150281
938, 446, 141, 3626.92, 164.90043541482845
939, 447, 141, 3379.8, 121.27753295643839
940, 639, 141, 5765.52, 154.95370147240757
941, 0, 142, 5456.32, 182.2285861219364
942, 556, 142, 15798.72, 766.1335403178742
943, 639, 142, 5894.64, 130.7553073492621
944, 0, 143, 5675.76, 112.86355656278072
945, 639, 143, 5727.16, 172.7480662699296
946, 0, 144, 5684.96, 120.77896505600634
947, 639, 144, 5784.92, 137.8723815707845
948, 0, 145, 5522.96, 180.60752586755623
949, 639, 145, 5781.6, 148.9939596091063
950, 0, 146, 5518.16, 149.94337064372002
951, 639, 146, 5836.8, 182.19923161199117
952, 0, 147, 5649.4, 136.44691275364204
953, 639, 147, 5930.68, 120.45139102559169
954, 0, 148, 5664.52, 100.31515139798174
955, 639, 148, 5831.16, 140.40845558583712
956, 0, 149, 5644.8, 131.89056069332634
957, 639, 149, 5756.48, 154.8176010665454
958, 0, 150, 5750.76, 140.3048908627208
959, 639, 150, 5814.48, 153.49504747710915
960, 0, 151, 5684.72, 102.45058125750192
961, 639, 151, 5839.28, 146.63247116515495
962, 0, 152, 5613.08, 185.8106390925988
963, 29, 152, 3914.4, 95.35743285135145
964, 639, 152, 5880.64, 155.96611939777176
965, 0, 153, 5643.04, 114.70221619480593
966, 639, 153, 5802.68, 158.3612881988524
967, 0, 154, 5664.04, 120.71436699912731
968, 639, 154, 5757.48, 139.83221946318383
969, 0, 155, 5705.0, 86.74376058253412
970, 639, 155, 5792.72, 150.38976560923285
971, 0, 156, 5761.84, 127.85763332707204
972, 639, 156, 5650.64, 163.93800779562986
973, 0, 157, 5586.4, 143.87411163930778
974, 639, 157, 5926.84, 163.98870204986684
975, 0, 158, 5571.92, 137.26410164351057
976, 639, 158, 5921.88, 134.78228963777102
977, 0, 159, 5617.36, 145.3899253731152
978, 639, 159, 5833.12, 169.3210725219989
979, 0, 160, 5591.76, 151.36797019184738
980, 639, 160, 5852.44, 144.45541319036818
981, 0, 161, 5580.48, 150.35108779120955
982, 639, 161, 6016.6, 143.95527083090775
983, 0, 162, 5567.44, 170.80072130995234
984, 437, 162, 4371.72, 156.36099769443786
985, 639, 162, 5829.84, 171.2613628347036
986, 0, 163, 5722.24, 120.52129438402162
987, 639, 163, 5669.96, 174.2002250285573
988, 0, 164, 5681.12, 115.8037374180989
989, 639, 164, 5664.04, 179.04311882895695
990, 0, 165, 5465.24, 188.65720871464202
991, 639, 165, 5827.16, 140.42469298524387
992, 0, 166, 5706.76, 90.07964475951266
993, 639, 166, 5899.32, 194.24082372148243
994, 0, 167, 5650.92, 126.09073558354713
995, 639, 167, 5861.16, 154.03601656755473
996, 0, 168, 5618.92, 149.47372210525836
997, 639, 168, 5898.68, 117.99821015591718
998, 0, 169, 5662.28, 110.50303887224098
999, 639, 169, 5639.48, 156.31356179167562
1000, 0, 170, 5504.4, 156.69077828640712
1001, 639, 170, 5671.68, 180.88310479422893
1002, 0, 171, 5645.44, 114.15991590746725
1003, 639, 171, 5813.16, 123.14079096708775
1004, 0, 172, 5705.88, 95.51934673143447
1005, 639, 172, 5904.16, 179.9599244276347
1006, 0, 173, 5720.08, 111.06823848427598
1007, 639, 173, 5731.64, 155.28628529268127
1008, 0, 174, 5805.52, 108.26490474756814
1009, 639, 174, 5765.8, 148.68678488688897
1010, 0, 175, 5744.16, 105.79515300806553
1011, 639, 175, 5608.68, 90.40253093802184
1012, 0, 176, 5684.64, 108.26333820827806
1013, 639, 176, 5752.8, 128.83105215746707
1014, 0, 177, 5690.56, 132.6249086710336
1015, 639, 177, 5750.72, 171.0561358151177
1016, 0, 178, 5617.64, 123.87731995809403
1017, 639, 178, 5561.12, 109.98411521669846
1018, 0, 179, 5721.8, 110.94106543566275
1019, 639, 179, 5854.64, 131.25025866641178
1020, 0, 180, 5501.16, 189.56300904976163
1021, 401, 180, 3638.64, 108.1476324290088
1022, 639, 180, 5800.16, 160.8969061231446
1023, 0, 181, 5406.44, 126.35856282816769
1024, 639, 181, 5778.08, 156.6958633787121
1025, 0, 182, 5386.36, 179.97486046667743
1026, 639, 182, 5767.0, 138.5222003867972
1027, 0, 183, 5817.28, 117.74056904907502
1028, 639, 183, 5783.28, 140.91430587417304
1029, 0, 184, 5521.36, 193.9612084928324
1030, 639, 184, 5733.36, 153.84300569086656
1031, 0, 185, 5696.88, 108.82584987033182
1032, 639, 185, 5927.16, 165.75082020913197
1033, 0, 186, 5600.16, 141.20415857898803
1034, 639, 186, 5712.96, 177.70795817858013
1035, 0, 187, 5724.04, 118.57705680273907
1036, 639, 187, 5764.88, 143.42672554304514
1037, 0, 188, 5616.72, 131.35372701221692
1038, 639, 188, 5669.2, 127.2701064665226
1039, 0, 189, 5616.68, 144.16621518233734
1040, 639, 189, 5634.2, 207.86688047882953
1041, 0, 190, 5679.44, 102.91008891260371
1042, 639, 190, 5722.48, 125.24763311136863
1043, 0, 191, 5602.32, 128.4849314122088
1044, 639, 191, 5812.08, 193.216959918119
1045, 0, 192, 5757.96, 112.16362333662371
1046, 389, 192, 3968.28, 62.55846545432521
1047, 639, 192, 5744.0, 150.5934925552894
1048, 0, 193, 5681.48, 120.60086898526062
1049, 639, 193, 5791.16, 142.1868292072089
1050, 0, 194, 5775.32, 111.58484484911018
1051, 639, 194, 5724.68, 165.26069587170446
1052, 0, 195, 5748.76, 107.2903648982517
1053, 639, 195, 5872.24, 128.9527913618003
1054, 0, 196, 5571.72, 146.73445948378995
1055, 639, 196, 5774.36, 164.3617668437523
1056, 0, 197, 5753.28, 111.54927879641356
1057, 639, 197, 5783.48, 161.6787233992154
1058, 0, 198, 5351.96, 135.31961572514163
1059, 639, 198, 5761.64, 166.52420364619672
1060, 0, 199, 5671.32, 122.55014320677066
1061, 639, 199, 5875.84, 151.17610393180533
1062, 0, 200, 5660.0, 120.9548676159831
1063, 639, 200, 5733.36, 174.94613571039517
1064, 0, 201, 5811.08, 117.81168702637274
1065, 639, 201, 5814.36, 143.80316547280873
1066, 0, 202, 5670.8, 139.90368115242714
1067, 639, 202, 5849.96, 154.29516648294594
1068, 0, 203, 5750.48, 110.64361526992869
1069, 639, 203, 5825.16, 149.64242179275232
1070, 0, 204, 5632.04, 127.89917278856811
1071, 639, 204, 5696.88, 93.83872121890835
1072, 0, 205, 5587.92, 133.34164240776397
1073, 639, 205, 5765.6, 124.98415899625041
1074, 0, 206, 5737.92, 120.79666220554273
1075, 639, 206, 5726.24, 159.93255578524344
1076, 0, 207, 5707.56, 103.50732534463441
1077, 639, 207, 5656.84, 134.95411961107374
1078, 0, 208, 5688.36, 125.49864700465898
1079, 639, 208, 5783.56, 176.37892844668264
1080, 0, 209, 5728.52, 101.63311271431175
1081, 639, 209, 5643.68, 172.8638122916419
1082, 0, 210, 5532.92, 163.7651782278516
1083, 639, 210, 5799.48, 132.62401592471855
1084, 0, 211, 5553.36, 160.22980496774002
1085, 639, 211, 5633.52, 182.85319138587656
1086, 0, 212, 5783.2, 146.74385847455423
1087, 639, 212, 5727.24, 131.33446767699633
1088, 0, 213, 5648.0, 121.49930040950854
1089, 639, 213, 5737.16, 125.1762533390419
1090, 0, 214, 5626.68, 131.47858228624156
1091, 639, 214, 5749.68, 180.23800265204892
1092, 0, 215, 5783.92, 111.85416219345616
1093, 639, 215, 5772.48, 157.07224325131415
1094, 0, 216, 5713.44, 118.7522058742489
1095, 639, 216, 5773.64, 130.98393183898548
1096, 0, 217, 5465.96, 188.25609790920453
1097, 639, 217, 5899.32, 166.0741328443415
1098, 0, 218, 5564.16, 155.39232413475253
1099, 639, 218, 5276.72, 142.741310068249
1100, 0, 219, 5714.84, 114.09563707697153
1101, 207, 219, 3616.68, 128.5894925722938
1102, 639, 219, 5674.2, 211.59451788739707
1103, 0, 220, 5453.96, 179.0317245629947
1104, 639, 220, 5658.8, 115.98413684638086
1105, 0, 221, 5665.0, 121.82282216399355
1106, 187, 221, 4120.4, 113.8240747820952
1107, 639, 221, 5762.84, 166.32514662551782
1108, 0, 222, 5458.48, 147.285605542429
1109, 490, 222, 4352.24, 94.67894380483975
1110, 639, 222, 5760.08, 174.42497986240392
1111, 0, 223, 5758.4, 111.24171879290613
1112, 639, 223, 5818.6, 135.34932582026406
1113, 0, 224, 5752.04, 110.77742730358024
1114, 639, 224, 5452.76, 121.62508951692493
1115, 0, 225, 5722.28, 102.55711384394553
1116, 639, 225, 5725.16, 183.63151799187415
1117, 0, 226, 5723.0, 100.60854834456165
1118, 639, 226, 5653.6, 172.18943056993945
1119, 0, 227, 5810.28, 128.30667013058988
1120, 639, 227, 5820.52, 147.43408561116385
1121, 0, 228, 5721.0, 123.36806718109837
1122, 639, 228, 5667.4, 94.02425219059177
1123, 0, 229, 5463.6, 199.69757134226745
1124, 639, 229, 5930.64, 168.88975812641806
1125, 0, 230, 5582.16, 146.8388722375652
1126, 639, 230, 5776.88, 165.91740595850695
1127, 0, 231, 5613.92, 141.659004655546
1128, 639, 231, 5740.6, 164.0958256629339
1129, 0, 232, 5611.92, 127.46981446601387
1130, 639, 232, 5753.0, 136.94057105182526
1131, 0, 233, 5703.68, 105.87415926466663
1132, 639, 233, 5861.84, 176.0637793528243
1133, 0, 234, 5728.56, 105.53485869607255
1134, 639, 234, 5857.84, 114.74865750848679
1135, 0, 235, 5450.56, 195.33460113354215
1136, 639, 235, 5693.32, 147.27218882056448
1137, 0, 236, 5653.4, 131.39619476986385
1138, 639, 236, 5819.56, 160.07550218568738
1139, 0, 237, 5924.72, 146.12912646012774
1140, 639, 237, 5765.44, 136.6718932333931
1141, 0, 238, 5567.64, 154.90690881945844
1142, 639, 238, 5785.56, 148.11592216909025
1143, 0, 239, 5665.24, 135.42829246505326
1144, 639, 239, 5734.2, 156.70047862083896
1145, 0, 240, 5766.0, 107.41508273980894
1146, 639, 240, 5758.68, 127.41796419657628
1147, 0, 241, 5758.76, 131.06678602910807
1148, 639, 241, 5775.24, 147.43548555215602
1149, 0, 242, 5721.68, 114.35548784382844
1150, 639, 242, 5549.4, 136.51988866095664
1151, 0, 243, 5631.48, 120.14661709761118
1152, 639, 243, 5846.64, 146.09746883502123
1153, 0, 244, 5704.28, 100.21956695176847
1154, 321, 244, 3829.88, 137.48958360544992
1155, 639, 244, 5701.88, 155.9026157574016
1156, 0, 245, 5664.56, 101.26364796905156
1157, 639, 245, 5887.76, 134.57169984807356
1158, 0, 246, 5526.92, 166.58641481225288
1159, 639, 246, 5680.52, 157.02002929562838
1160, 0, 247, 5582.24, 140.5236720271713
1161, 639, 247, 5878.76, 160.78937278315377
1162, 0, 248, 5757.56, 115.29686205617222
1163, 639, 248, 5671.48, 197.4487518319627
1164, 0, 249, 5656.96, 139.52762593837824
1165, 639, 249, 5682.72, 180.667987203046
1166, 0, 250, 5453.4, 175.67151163464155
1167, 639, 250, 5699.72, 163.63875335628782
1168, 0, 251, 5698.96, 119.44253178830395
1169, 639, 251, 5987.72, 147.44911529066562
1170, 0, 252, 5727.0, 93.80234538645608
1171, 639, 252, 5906.48, 124.99283819483419
1172, 0, 253, 5475.52, 167.23112628933646
1173, 639, 253, 5495.44, 138.49305542156256
1174, 0, 254, 5543.44, 144.12774333902547
1175, 639, 254, 5779.36, 176.72439107265302
1176, 0, 255, 5780.44, 103.79945279239192
1177, 639, 255, 5826.64, 124.99788158204922
1178, 0, 256, 5798.24, 117.67456139710059
1179, 639, 256, 5561.08, 107.64048309070336
1180, 0, 257, 5722.8, 103.34137603109416
1181, 639, 257, 5862.08, 136.76166714397718
1182, 0, 258, 5701.64, 126.21406577715494
1183, 639, 258, 5708.64, 101.03341229514125
1184, 0, 259, 5671.68, 107.31215029063577
1185, 639, 259, 5898.28, 130.2454667157364
1186, 0, 260, 5464.04, 152.9558053818161
1187, 639, 260, 5868.56, 160.7950446997668
1188, 0, 261, 5286.88, 121.04191670656904
1189, 639, 261, 5500.84, 112.72078069282522
1190, 0, 262, 5643.6, 125.47987886509931
1191, 639, 262, 5725.88, 125.4008995183049
1192, 0, 263, 5685.2, 103.13796585157183
1193, 639, 263, 5869.68, 122.32472194940806
1194, 0, 264, 5400.2, 172.91500802417352
1195, 639, 264, 5710.72, 162.43263711458974
1196, 0, 265, 5381.6, 182.15861220376047
1197, 387, 265, 4183.4, 126.8570849420717
1198, 639, 265, 5708.04, 128.46742155114657
1199, 0, 266, 5793.2, 111.43787506947535
1200, 639, 266, 5866.48, 152.41446650498762
1201, 0, 267, 5620.52, 141.29461985510983
1202, 639, 267, 5818.12, 149.94727606728972
1203, 0, 268, 5627.44, 148.14292558202027
1204, 639, 268, 5560.8, 147.5476872065435
1205, 0, 269, 5386.16, 166.14371610145233
1206, 639, 269, 5894.68, 125.13919290134484
1207, 0, 270, 5463.16, 184.92348255427163
1208, 639, 270, 5708.6, 130.9216559626405
1209, 0, 271, 5708.36, 99.40699371774605
1210, 639, 271, 5631.6, 117.24299552638527
1211, 0, 272, 5577.4, 161.1354709553424
1212, 131, 272, 3835.36, 105.93767224174788
1213, 639, 272, 5693.52, 154.8054572681467
1214, 0, 273, 5674.68, 97.30024460400908
1215, 412, 273, 16311.32, 114.94371492169547
1216, 413, 273, 4694.6, 144.2442373199013
1217, 639, 273, 5656.84, 136.61586437892197
1218, 0, 274, 5716.4, 100.31151479266973
1219, 411, 274, 16352.28, 83.19015326347223
1220, 412, 274, 16383.0, 0.0
1221, 413, 274, 16383.0, 0.0
1222, 414, 274, 5809.48, 173.72302553202326
1223, 639, 274, 5911.4, 128.7201615909489
1224, 0, 275, 5659.12, 122.16261948730472
1225, 412, 275, 16321.56, 109.3332813008006
1226, 413, 275, 4838.68, 170.96636394332072
1227, 639, 275, 5820.12, 165.70873724701423
1228, 0, 276, 5646.12, 142.56516264501647
1229, 639, 276, 5641.4, 137.29675888381342
1230, 0, 277, 5737.48, 115.04959626178614
1231, 639, 277, 5806.2, 166.11249200466534
1232, 0, 278, 5732.76, 105.44999952584163
1233, 639, 278, 5890.84, 150.49562917241155
1234, 0, 279, 5718.28, 110.73229700498405
1235, 639, 279, 5879.0, 152.42125835984953
1236, 0, 280, 5623.52, 123.77919695974764
1237, 178, 280, 3940.64, 108.61929110429693
1238, 639, 280, 5754.04, 139.7639381242529
1239, 0, 281, 5701.24, 112.24233782312268
1240, 639, 281, 5770.72, 149.6381020996992
1241, 0, 282, 5762.2, 109.10435371698051
1242, 639, 282, 5868.84, 141.1848943761336
1243, 0, 283, 5532.44, 157.36710710945917
1244, 639, 283, 5680.12, 180.96349245082553
1245, 0, 284, 5747.2, 106.03357958684595
1246, 639, 284, 5800.16, 139.90845006646308
1247, 0, 285, 5800.52, 113.68099929187817
1248, 639, 285, 5857.6, 169.03088475187013
1249, 0, 286, 5757.68, 131.68317128623534
1250, 639, 286, 5851.2, 166.84172140085346
1251, 0, 287, 5766.8, 114.16549391125149
1252, 639, 287, 5840.68, 156.94501457516895
1253, 0, 288, 5801.96, 104.3223772735265
1254, 639, 288, 5694.04, 121.64225581597869
1255, 0, 289, 5534.0, 174.32223036664027
1256, 639, 289, 5840.08, 187.04158254249245
1257, 0, 290, 5419.44, 156.31457513616573
1258, 639, 290, 5846.04, 160.13056672603145
1259, 0, 291, 5627.92, 141.3271155865002
1260, 639, 291, 5844.2, 150.2107852319533
1261, 0, 292, 5552.72, 146.61446586200148
1262, 639, 292, 5770.32, 152.60870748420615
1263, 0, 293, 5794.8, 109.63211208400573
1264, 639, 293, 5910.8, 128.92664581070898
1265, 0, 294, 5794.04, 131.6861359445253
1266, 639, 294, 5517.64, 157.71084426887074
1267, 0, 295, 5560.48, 159.05976738320726
1268, 639, 295, 5706.68, 140.62850920065958
1269, 0, 296, 5648.92, 126.65035965207521
1270, 639, 296, 5824.52, 142.2038311720187
1271, 0, 297, 5580.96, 168.0686716791681
1272, 639, 297, 5587.0, 150.70819486676893
1273, 0, 298, 5543.72, 172.60973784812953
1274, 639, 298, 5792.36, 153.4214795913532
1275, 0, 299, 5596.0, 136.2791253273956
1276, 639, 299, 5799.04, 160.97763322896756
1277, 0, 300, 5623.72, 128.5464958682266
1278, 639, 300, 5648.08, 114.71596924578549
1279, 0, 301, 5614.32, 150.54878810538463
1280, 639, 301, 5807.28, 172.18165291342746
1281, 0, 302, 5757.16, 111.07499448570769
1282, 639, 302, 5823.24, 157.30309087872368
1283, 0, 303, 5502.04, 164.05157237893206
1284, 639, 303, 5814.52, 155.08684534801782
1285, 0, 304, 5828.56, 167.84613906789752
1286, 639, 304, 5793.72, 133.7016140515888
1287, 0, 305, 5695.28, 113.3202612068998
1288, 378, 305, 4158.32, 114.57040455545228
1289, 639, 305, 5781.84, 163.1163216848639
1290, 0, 306, 5672.64, 108.63917525460141
1291, 156, 306, 3744.08, 144.27804268148358
1292, 639, 306, 5742.16, 123.67915911745196
1293, 0, 307, 5820.92, 118.97627326488252
1294, 639, 307, 5754.52, 116.4646281065629
1295, 0, 308, 5482.4, 150.0055998954706
1296, 639, 308, 5504.64, 122.76836074494109
1297, 0, 309, 5305.28, 174.73168459097508
1298, 639, 309, 5517.16, 160.53278294479296
1299, 0, 310, 5541.76, 154.0405868594378
1300, 639, 310, 5822.72, 178.63740257851939
1301, 0, 311, 5798.0, 148.11833107350353
1302, 639, 311, 5798.16, 197.58252554312588
1303, 0, 312, 5466.96, 162.1158795429985
1304, 639, 312, 5750.8, 175.28262891684395
1305, 0, 313, 5736.2, 119.77779426922172
1306, 639, 313, 5772.56, 176.97888687637288
1307, 0, 314, 5613.52, 128.4380379794086
1308, 639, 314, 5591.6, 125.24088789209375
1309, 0, 315, 5685.12, 111.19076220621925
1310, 639, 315, 5843.56, 150.38512692417424
1311, 0, 316, 5502.84, 165.6948230935415
1312, 639, 316, 5711.72, 161.68179118255708
1313, 0, 317, 5746.64, 96.85943629817386
1314, 639, 317, 6108.8, 175.7971558359236
1315, 0, 318, 5637.36, 113.03588102899008
1316, 639, 318, 5750.24, 125.85524383195164
1317, 0, 319, 5694.28, 117.89063406394928
1318, 639, 319, 5807.12, 167.78851450561208
1319, 0, 320, 5362.2, 134.85696125895763
1320, 639, 320, 5656.4, 166.14644143044413
1321, 0, 321, 5577.92, 145.5411749299833
1322, 639, 321, 5625.4, 165.12249998107467
1323, 0, 322, 5715.04, 113.39964021106945
1324, 639, 322, 5752.72, 180.3542114839573
1325, 0, 323, 5728.52, 107.37937232075814
1326, 639, 323, 5541.16, 127.22977010118346
1327, 0, 324, 5792.24, 143.22521565702039
1328, 639, 324, 5885.4, 138.88642842265043
1329, 0, 325, 5615.6, 128.96511156122804
1330, 639, 325, 5774.08, 114.89018060739568
1331, 0, 326, 5493.52, 162.53987080098227
1332, 639, 326, 5666.96, 165.76645740317915
1333, 0, 327, 5422.08, 150.85593657526374
1334, 639, 327, 5793.6, 169.28437612491
1335, 0, 328, 5536.44, 158.42602816456645
1336, 639, 328, 5721.84, 108.69321229957276
1337, 0, 329, 5732.6, 112.01392770544207
1338, 639, 329, 5795.16, 140.55566299512802
1339, 0, 330, 5708.04, 100.2790027872236
1340, 367, 330, 4079.88, 115.83896408376587
1341, 639, 330, 5772.64, 125.13508860427598
1342, 0, 331, 5815.36, 111.89776762741961
1343, 639, 331, 5656.08, 153.31690578667443
1344, 0, 332, 5651.0, 121.30985120755857
1345, 639, 332, 5830.48, 155.6452684793213
1346, 0, 333, 5617.96, 121.89125645426748
1347, 639, 333, 5876.28, 130.31485563818117
1348, 0, 334, 5707.04, 122.94925131939598
1349, 639, 334, 5714.32, 156.1032273849583
1350, 0, 335, 5745.08, 111.08336329081865
1351, 639, 335, 5882.52, 159.9292643639681
1352, 0, 336, 5471.32, 168.62970556814713
1353, 639, 336, 5693.56, 168.98853925636496
1354, 0, 337, 5724.64, 104.8758809259784
1355, 639, 337, 5600.4, 139.80214590627713
1356, 0, 338, 5698.08, 104.65062637175184
1357, 639, 338, 5819.8, 165.63453746124327
1358, 0, 339, 5627.08, 134.0671234867072
1359, 639, 339, 5782.24, 139.3982151966086
1360, 0, 340, 5723.2, 114.95320787172491
1361, 639, 340, 5681.56, 133.57157781504267
1362, 0, 341, 6352.52, 158.04685887419592
1363, 639, 341, 5744.88, 177.97310358590704
1364, 0, 342, 5605.76, 123.40154942301172
1365, 639, 342, 5524.04, 128.21590540958638
1366, 0, 343, 5373.96, 139.8634991697262
1367, 639, 343, 5812.12, 157.67493649911518
1368, 0, 344, 5591.84, 148.41851097487802
1369, 639, 344, 5670.56, 156.37418712818302
1370, 0, 345, 5671.44, 125.5124153221505
1371, 639, 345, 5892.48, 136.48388036687703
1372, 0, 346, 5485.16, 160.04116470458467
1373, 639, 346, 5866.12, 155.43135333644884
1374, 0, 347, 5719.72, 119.19212054494206
1375, 639, 347, 5901.64, 176.31083460751924
1376, 0, 348, 5788.24, 114.2559512673191
1377, 639, 348, 5779.56, 128.1589887600554
1378, 0, 349, 5748.28, 113.3319090106577
1379, 639, 349, 5758.08, 143.87353335481825
1380, 0, 350, 5720.68, 114.3075570555158
1381, 639, 350, 5756.2, 158.13917920616635
1382, 0, 351, 5592.12, 149.67252787335423
1383, 639, 351, 5765.72, 146.5489733843264
1384, 0, 352, 5662.64, 75.02473192221349
1385, 639, 352, 5814.36, 91.69640341910909
1386, 0, 353, 5529.6, 153.4095173058047
1387, 639, 353, 5845.16, 128.95229505518697
1388, 0, 354, 5872.64, 137.88368431398982
1389, 639, 354, 5786.96, 119.84272360055908
1390, 0, 355, 5349.0, 141.00042553127278
1391, 639, 355, 5757.4, 103.4090905094905
1392, 0, 356, 5642.52, 109.39437645509936
1393, 639, 356, 5966.36, 56.84144966483526
1394, 0, 357, 5646.56, 87.56395605498874
1395, 639, 357, 5918.64, 111.07974792913421
1396, 0, 358, 5751.28, 51.17461870888732
1397, 639, 358, 5760.76, 111.30400891252751
1398, 0, 359, 5422.76, 140.07948600705245
1399, 639, 359, 5795.88, 118.05772147555619
1400, 0, 360, 5657.52, 95.8674585039157
1401, 639, 360, 5849.2, 132.20226926947964
1402, 0, 361, 5651.24, 94.9451546946973
1403, 639, 361, 5741.64, 127.65386950656844
1404, 0, 362, 5763.68, 51.146628432380574
1405, 369, 362, 3914.08, 74.32787902261168
1406, 639, 362, 5536.88, 61.28511727980946
1407, 0, 363, 5639.44, 104.09806146129716
1408, 639, 363, 5739.52, 94.14589529023557
1409, 0, 364, 5771.32, 55.33513892636399
1410, 639, 364, 5814.28, 117.03521521319982
1411, 0, 365, 5605.96, 116.80530124955801
1412, 639, 365, 5742.8, 129.24333638528523
1413, 0, 366, 5527.64, 142.36232085773258
1414, 639, 366, 5697.6, 120.92477000184869
1415, 0, 367, 5672.2, 72.80109889280519
1416, 639, 367, 5701.04, 103.17343844226575
1417, 0, 368, 5703.88, 41.523313933259224
1418, 639, 368, 5875.32, 124.84701678454314
1419, 0, 369, 5653.04, 112.04837526711397
1420, 639, 369, 5821.2, 125.51971956628967
1421, 0, 370, 5516.6, 138.6229418242161
1422, 639, 370, 5692.92, 97.84188060334898
1423, 0, 371, 5532.36, 144.6161484758877
1424, 639, 371, 5834.96, 109.18625554528371
1425, 0, 372, 5668.44, 72.72583034933324
1426, 639, 372, 5805.32, 118.53732576703425
1427, 0, 373, 5619.2, 121.65853854127954
1428, 639, 373, 5688.16, 141.5555523460666
1429, 0, 374, 5614.88, 113.68564377264177
1430, 639, 374, 5844.36, 75.27914983579451
1431, 0, 375, 5810.4, 71.09542882633173
1432, 639, 375, 5704.8, 110.96197546907678
1433, 0, 376, 5775.72, 40.42921715789214
1434, 639, 376, 5784.32, 123.96087124572817
1435, 0, 377, 5644.76, 89.03629821595234
1436, 639, 377, 5743.36, 118.98668160764885
1437, 0, 378, 5489.2, 143.51975473780604
1438, 639, 378, 5856.48, 127.04648598052606
1439, 0, 379, 5702.8, 43.9399590350287
1440, 639, 379, 5617.24, 110.3548023422633
1441, 0, 380, 5762.68, 52.8111503377838
1442, 639, 380, 5863.28, 129.5757755137896
1443, 0, 381, 5571.24, 129.72502611292856
1444, 639, 381, 5831.56, 98.2210079361844
1445, 0, 382, 5755.6, 47.86146675562712
1446, 639, 382, 5658.16, 88.20643060457667
1447, 0, 383, 5639.36, 105.64767105809764
1448, 639, 383, 5833.44, 122.32843659591173
1449, 0, 384, 5628.52, 100.74725604203817
1450, 639, 384, 5802.24, 124.7952819620998
1451, 0, 385, 5494.36, 126.62760520518422
1452, 639, 385, 5811.96, 108.07607690881457
1453, 0, 386, 5770.4, 53.85833268863788
1454, 639, 386, 5785.0, 117.7431102018288
1455, 0, 387, 5641.08, 125.23096102801416
1456, 639, 387, 5854.68, 122.0720180876846
1457, 0, 388, 5644.64, 108.87125607799334
1458, 639, 388, 5689.28, 141.31766202424947
1459, 0, 389, 5651.24, 120.51863922232111
1460, 639, 389, 5444.48, 93.33257523501642
1461, 0, 390, 5742.92, 38.592144278337265
1462, 639, 390, 5805.96, 104.18194853236332
1463, 0, 391, 5778.4, 49.30720028555667
1464, 639, 391, 5829.08, 133.21348880650186
1465, 0, 392, 5676.28, 46.60516709550562
1466, 41, 392, 16383.0, 0.0
1467, 639, 392, 5862.48, 127.81052225853708
1468, 0, 393, 5728.92, 45.77503249589234
1469, 639, 393, 5778.96, 102.09347873395245
1470, 0, 394, 5528.4, 150.5355771902443
1471, 358, 394, 3882.04, 95.23548918339213
1472, 639, 394, 5658.6, 129.937831288659
1473, 0, 395, 5729.52, 51.641936447038866
1474, 639, 395, 5838.72, 133.40750203792888
1475, 0, 396, 5706.96, 54.11135185892144
1476, 639, 396, 5816.76, 115.17266342322729
1477, 0, 397, 5837.72, 116.82140899681018
1478, 639, 397, 5748.68, 63.437982313437445
1479, 0, 398, 5721.44, 45.9939822150681
1480, 639, 398, 5620.16, 65.31748923527296
1481, 0, 399, 5546.36, 138.07994206256026
1482, 639, 399, 5924.88, 84.70953665320097
1483, 0, 400, 5371.04, 128.15724091911466
1484, 639, 400, 5750.92, 111.58814273927135
1485, 0, 401, 5723.44, 38.068443624608555
1486, 639, 401, 5830.32, 99.10427639612732
1487, 0, 402, 5713.56, 37.957955687839664
1488, 639, 402, 5795.28, 115.45510642669728
1489, 0, 403, 5776.24, 48.289361147151226
1490, 639, 403, 5819.8, 102.80272369932618
1491, 0, 404, 5790.96, 52.64407279077104
1492, 639, 404, 5927.08, 91.73392829264426
1493, 0, 405, 5755.88, 39.72537727951743
1494, 639, 405, 5708.56, 132.50662775876532
1495, 0, 406, 5788.84, 45.95012948839209
1496, 639, 406, 5855.92, 129.57713378524778
1497, 0, 407, 5768.0, 48.360314308325165
1498, 639, 407, 5832.16, 134.1302888985184
1499, 0, 408, 5560.64, 131.3727155843252
1500, 639, 408, 5854.64, 115.98961332809071
1501, 0, 409, 5733.88, 46.86518537251293
1502, 639, 409, 5792.0, 139.76981076040704
1503, 0, 410, 5741.6, 89.47983012947667
1504, 639, 410, 5564.96, 108.39980811791136
1505, 0, 411, 5803.04, 69.6209623604845
1506, 639, 411, 5858.76, 94.40944020594551
1507, 0, 412, 5789.04, 44.91367720416577
1508, 195, 412, 3850.8, 113.24628029211378
1509, 639, 412, 5758.0, 92.22667726856476
1510, 0, 413, 5937.48, 133.9247908342589
1511, 639, 413, 5861.88, 118.67546334436616
1512, 0, 414, 5755.36, 53.2487596099665
1513, 639, 414, 5858.12, 133.3771554652445
1514, 0, 415, 5888.72, 116.48983474964672
1515, 639, 415, 5889.28, 110.6101333513345
1516, 0, 416, 5684.16, 32.55233324970732
1517, 639, 416, 5905.52, 111.32479328523362
1518, 0, 417, 5704.6, 46.53600756403583
1519, 489, 417, 3356.24, 96.20115591821127
1520, 639, 417, 5959.16, 100.14376865287225
1521, 0, 418, 5558.88, 139.39793972652538
1522, 639, 418, 5903.04, 111.4204577265773
1523, 0, 419, 5808.12, 56.4356766593615
1524, 639, 419, 5888.52, 113.65390270465859
1525, 0, 420, 5736.44, 31.776821741640557
1526, 639, 420, 5648.16, 116.05332567401936
1527, 0, 421, 5746.88, 39.37747579518017
1528, 639, 421, 5829.24, 121.18920083901864
1529, 0, 422, 5467.04, 122.21374063500389
1530, 639, 422, 5710.96, 100.70172987590631
1531, 0, 423, 5642.04, 90.24122339596245
1532, 639, 423, 5941.24, 91.1268478550641
1533, 0, 424, 5741.76, 43.4007188880553
1534, 639, 424, 5670.36, 138.97766151435994
1535, 0, 425, 5766.96, 42.358923499069235
1536, 639, 425, 5591.44, 147.41074044994144
1537, 0, 426, 5738.6, 37.989472225868056
1538, 639, 426, 5847.36, 141.08547196646435
1539, 0, 427, 5605.64, 115.59303785263194
1540, 639, 427, 5682.64, 91.540976617032
1541, 0, 428, 5730.24, 43.66351337215089
1542, 639, 428, 5915.88, 129.55749920402138
1543, 0, 429, 5710.0, 42.364135775441
1544, 639, 429, 5788.12, 128.97575586132456
1545, 0, 430, 5743.2, 53.54026522160681
1546, 639, 430, 5905.16, 66.25808931745617
1547, 0, 431, 5749.48, 44.3856913881039
1548, 639, 431, 5903.2, 120.22345860937457
1549, 0, 432, 5538.64, 151.65193833248554
1550, 639, 432, 5946.44, 113.50914676800278
1551, 0, 433, 5670.88, 75.73761020787494
1552, 639, 433, 5913.72, 108.15193756932882
1553, 0, 434, 5517.8, 126.2261462613828
1554, 374, 434, 4214.04, 134.39299981769884
1555, 639, 434, 5560.28, 100.97941176299256
1556, 0, 435, 5546.44, 152.94523987362277
1557, 639, 435, 5743.72, 156.349997121842
1558, 0, 436, 5650.68, 109.14347254875116
1559, 639, 436, 5933.8, 94.41143998478151
1560, 0, 437, 5529.2, 157.11982688381502
1561, 639, 437, 5896.88, 117.60691136153521
1562, 0, 438, 5588.24, 113.72467806065664
1563, 639, 438, 5753.72, 120.57413321272519
1564, 0, 439, 5592.24, 134.13792304937482
1565, 639, 439, 5933.92, 96.3277405527608
1566, 0, 440, 5862.0, 132.22284220209457
1567, 639, 440, 5861.56, 110.83937206606686
1568, 0, 441, 5659.28, 113.28319204542217
1569, 639, 441, 5856.96, 98.29566826671459
1570, 0, 442, 5650.44, 112.82591191743144
1571, 639, 442, 5807.84, 130.16656406312643
1572, 0, 443, 5427.0, 136.05263687264573
1573, 639, 443, 5716.6, 99.96319322630706
1574, 0, 444, 5597.64, 118.60721057338797
1575, 639, 444, 5858.16, 93.57763835447012
1576, 0, 445, 5734.96, 45.13223238440572
1577, 639, 445, 5858.12, 108.33441558433775
1578, 0, 446, 5568.0, 111.16222379927454
1579, 639, 446, 5827.68, 137.39191242573196
1580, 0, 447, 5794.92, 43.29057172179642
1581, 639, 447, 5849.36, 137.9309624413605
1582, 0, 448, 5770.56, 53.060780243038266
1583, 639, 448, 5656.76, 120.99265432248355
1584, 0, 449, 5737.2, 40.24326030529833
1585, 639, 449, 5658.2, 96.17733620765343
1586, 0, 450, 5721.28, 36.73964616051711
1587, 639, 450, 5778.16, 129.1525237848645
1588, 0, 451, 5563.28, 127.79030323150502
1589, 639, 451, 5710.8, 135.2023668431881
1590, 0, 452, 5741.96, 44.33822729879939
1591, 639, 452, 6002.12, 95.69255770434813
1592, 0, 453, 5850.4, 109.19670324693874
1593, 639, 453, 5843.84, 107.9435704430792
1594, 0, 454, 5661.92, 86.15795726454985
1595, 639, 454, 6061.92, 88.89765801189591
1596, 0, 455, 5837.2, 108.52428299694037
1597, 639, 455, 5837.12, 131.43951308491674
1598, 0, 456, 5811.56, 89.24397122495166
1599, 639, 456, 5895.72, 57.07365066298107
1600, 0, 457, 5689.52, 78.75436241885271
1601, 639, 457, 5896.4, 122.37581460403032
1602, 0, 458, 5737.2, 47.00808441108827
1603, 639, 458, 5876.52, 132.55040399787546
1604, 0, 459, 5651.36, 95.29276152992944
1605, 639, 459, 5824.88, 107.29075263041078
1606, 0, 460, 5692.08, 80.36661993638901
1607, 639, 460, 5781.04, 98.04671539628444
1608, 0, 461, 5789.92, 47.227043100325474
1609, 639, 461, 5828.96, 138.3550447219038
1610, 0, 462, 5733.84, 50.864274299354754
1611, 639, 462, 5831.4, 144.19736474707156
1612, 0, 463, 5689.56, 34.41171893410732
1613, 639, 463, 5840.24, 114.32174946177128
1614, 0, 464, 5569.4, 119.00890722966916
1615, 639, 464, 5768.96, 107.78514925535892
1616, 0, 465, 5632.24, 107.51977678548258
1617, 639, 465, 5925.04, 116.62091750625186
1618, 0, 466, 5657.72, 122.05130724412582
1619, 639, 466, 5829.64, 146.19764156784473
1620, 0, 467, 5656.52, 97.10452924555062
1621, 639, 467, 5750.0, 138.10836325147002
1622, 0, 468, 5681.96, 98.65352705301518
1623, 639, 468, 5734.2, 94.71979729708039
1624, 0, 469, 5710.04, 46.543295972674734
1625, 639, 469, 5890.88, 110.28774002580703
1626, 0, 470, 5661.48, 75.30477806885828
1627, 639, 470, 5801.64, 100.50467849806793
1628, 0, 471, 5541.0, 134.24544685016323
1629, 639, 471, 5783.92, 98.9860272967857
1630, 0, 472, 5512.88, 147.79535040047776
1631, 336, 472, 3855.04, 96.10847205111524
1632, 639, 472, 5810.36, 103.94339998287529
1633, 0, 473, 5661.76, 44.71087563445833
1634, 639, 473, 6024.56, 91.17064439829304
1635, 0, 474, 5551.48, 132.17719016532314
1636, 639, 474, 5872.32, 79.09220947729303
1637, 0, 475, 5787.32, 41.88529097427882
1638, 639, 475, 5733.08, 114.88426175938983
1639, 0, 476, 5555.8, 125.99301567944153
1640, 639, 476, 5899.36, 112.54683647264368
1641, 0, 477, 5797.68, 43.07270133158589
1642, 639, 477, 5774.92, 125.25459512528872
1643, 0, 478, 5585.24, 130.7346258647647
1644, 639, 478, 5744.96, 133.1671070497516
1645, 0, 479, 5684.4, 37.503066541284326
1646, 639, 479, 5740.04, 101.81531515445012
1647, 0, 480, 5611.4, 123.70610332558375
1648, 639, 480, 5711.92, 171.9883530940395
1649, 0, 481, 5649.12, 114.46757444796323
1650, 639, 481, 5862.08, 119.1294824969873
1651, 0, 482, 5972.68, 124.73001884069446
1652, 639, 482, 5814.84, 100.78757066225974
1653, 0, 483, 5771.04, 56.236272991726615
1654, 639, 483, 5687.4, 118.89861227112787
1655, 0, 484, 5743.08, 44.83205995713335
1656, 639, 484, 5609.48, 84.54022474538378
1657, 0, 485, 5806.76, 44.87340414989708
1658, 639, 485, 5929.2, 113.63203773584279
1659, 0, 486, 5419.52, 130.57599166768753
1660, 639, 486, 5822.0, 117.07126035026701
1661, 0, 487, 5633.64, 119.77140894220122
1662, 639, 487, 5766.2, 123.16103279852766
1663, 0, 488, 5376.28, 133.59027509515803
1664, 639, 488, 5505.68, 83.27002822144352
1665, 0, 489, 5683.36, 49.64826683782628
1666, 639, 489, 5555.2, 89.16097801168402
1667, 0, 490, 5713.52, 78.73048710633003
1668, 639, 490, 5721.04, 79.32136156168781
1669, 0, 491, 5574.96, 134.18926335590342
1670, 639, 491, 5911.72, 110.03218438257053
1671, 0, 492, 5764.8, 43.4998850573194
1672, 639, 492, 5880.4, 108.86725862259966
1673, 0, 493, 5705.88, 83.06157715815418
1674, 639, 493, 5925.4, 71.87934334702842
1675, 0, 494, 5657.84, 39.59159506764031
1676, 639, 494, 5779.28, 137.6774549445188
1677, 0, 495, 5733.92, 45.33512545477292
1678, 639, 495, 5754.04, 139.87007685706047
1679, 0, 496, 5795.0, 56.332583821443876
1680, 639, 496, 5898.32, 121.85687342123957
1681, 0, 497, 5730.12, 37.90442718205882
1682, 639, 497, 5698.8, 134.89106716161746
1683, 0, 498, 5710.08, 82.61618243419386
1684, 639, 498, 5820.04, 121.68565404352313
1685, 0, 499, 5728.92, 53.684202518059266
1686, 639, 499, 5836.48, 141.12324259313206
1687, 0, 500, 5519.84, 156.80502032779435
1688, 639, 500, 5865.8, 94.28467531895096
1689, 0, 501, 5719.96, 46.55188932793168
1690, 639, 501, 6029.56, 95.94543449273654
1691, 0, 502, 5611.32, 125.1551740840146
1692, 639, 502, 5839.48, 121.38339919445328
1693, 0, 503, 5669.32, 101.96419763819063
1694, 639, 503, 5799.52, 128.31465076132187
1695, 0, 504, 5456.2, 144.74805698177784
1696, 639, 504, 5684.04, 152.47018856156768
1697, 0, 505, 5866.8, 144.1241131802725
1698, 639, 505, 5778.44, 100.08119903358471
1699, 0, 506, 5656.64, 96.17395905337371
1700, 639, 506, 5742.4, 100.76904286535623
1701, 0, 507, 5561.0, 140.01571340388907
1702, 639, 507, 5836.32, 150.9391188526023
1703, 0, 508, 5806.12, 83.7201624460918
1704, 639, 508, 5826.16, 112.52366151170162
1705, 0, 509, 5591.56, 121.62831249343222
1706, 639, 509, 5468.0, 84.78679142413634
1707, 0, 510, 5778.4, 49.53463434810031
1708, 639, 510, 5587.04, 127.51454191581446
1709, 0, 511, 8657.0, 139.34015932242937
1710, 1, 511, 5432.08, 62.186120637968735
1711, 2, 511, 5475.72, 129.5143297091098
1712, 3, 511, 5663.0, 88.38054084469047
1713, 4, 511, 5646.92, 91.07839260768715
1714, 5, 511, 5522.68, 107.28046234053988
1715, 6, 511, 5439.68, 96.61830882394908
1716, 7, 511, 5537.16, 103.450734168492
1717, 8, 511, 5537.4, 64.28872373908195
1718, 9, 511, 5433.28, 87.64680028386661
1719, 10, 511, 5458.36, 84.19352944258841
1720, 11, 511, 5762.96, 123.70819859653602
1721, 12, 511, 5441.64, 110.24658906288211
1722, 13, 511, 5493.68, 66.10822641698991
1723, 14, 511, 5496.4, 73.43732021254588
1724, 15, 511, 5424.96, 104.37680968491038
1725, 16, 511, 5832.6, 73.234418137922
1726, 17, 511, 5593.04, 63.152184443612086
1727, 18, 511, 5517.2, 53.20977353832659
1728, 19, 511, 5765.92, 103.02773218895969
1729, 20, 511, 5423.76, 90.27038495542156
1730, 21, 511, 5712.12, 136.31766429923894
1731, 22, 511, 5370.88, 91.93794428852539
1732, 23, 511, 5409.88, 117.36995186162429
1733, 24, 511, 5496.28, 113.0792713099974
1734, 25, 511, 5437.36, 70.57528179185684
1735, 26, 511, 5486.48, 96.14993291729327
1736, 27, 511, 5491.96, 33.35683438217722
1737, 28, 511, 5575.4, 108.08071058241615
1738, 29, 511, 5528.0, 82.18953704699886
1739, 30, 511, 5777.52, 121.37549011229572
1740, 31, 511, 5508.04, 43.4174895635388
1741, 32, 511, 5518.8, 80.76236747396648
1742, 33, 511, 5471.92, 88.0658480910733
1743, 34, 511, 5429.12, 100.2621842969721
1744, 35, 511, 5434.0, 81.89114726269257
1745, 36, 511, 5336.84, 80.47940357631882
1746, 37, 511, 5582.88, 99.55393312170042
1747, 38, 511, 5727.84, 105.37501791221675
1748, 39, 511, 5621.56, 68.87268253814423
1749, 40, 511, 5407.12, 81.11242568188919
1750, 41, 511, 5431.72, 123.51664503215751
1751, 42, 511, 5505.36, 90.59398655540002
1752, 43, 511, 5500.84, 75.5310161456868
1753, 44, 511, 5463.32, 77.75537023254407
1754, 45, 511, 5638.8, 96.85205212074754
1755, 46, 511, 5420.48, 95.7380258831359
1756, 47, 511, 5435.88, 88.54979164289433
1757, 48, 511, 5608.08, 83.45725612551612
1758, 49, 511, 5430.8, 35.99777770918644
1759, 50, 511, 5464.48, 56.7697947856076
1760, 51, 511, 5723.76, 117.12054644681264
1761, 52, 511, 5413.28, 63.51473529819675
1762, 53, 511, 5799.68, 125.40676855736295
1763, 54, 511, 5481.84, 66.47326078958365
1764, 55, 511, 5444.04, 100.43564307555361
1765, 56, 511, 5453.88, 78.6324716640651
1766, 57, 511, 5632.96, 127.43735088269845
1767, 58, 511, 5561.68, 81.97351767491743
1768, 59, 511, 5876.24, 122.04860671060524
1769, 60, 511, 5535.88, 69.08332360273353
1770, 61, 511, 5467.4, 55.93496223293621
1771, 62, 511, 5374.72, 94.97053016594147
1772, 63, 511, 5473.6, 55.92852581643825
1773, 64, 511, 5386.48, 95.86745850391571
1774, 65, 511, 5411.84, 93.5062265306434
1775, 66, 511, 5502.8, 107.16939861732918
1776, 67, 511, 5714.8, 123.70804339249732
1777, 68, 511, 5499.76, 97.61281883031552
1778, 69, 511, 5511.84, 64.42960810062404
1779, 70, 511, 5474.52, 79.46829304823402
1780, 71, 511, 5517.2, 95.22016593138243
1781, 72, 511, 5610.56, 67.8056516818473
1782, 73, 511, 5674.2, 105.44192714475584
1783, 74, 511, 5415.92, 112.59233366441961
1784, 75, 511, 5397.52, 138.6659641007843
1785, 76, 511, 5474.0, 82.94094284489417
1786, 77, 511, 5542.96, 73.14669097095235
1787, 78, 511, 5452.16, 63.195999873409704
1788, 79, 511, 5475.08, 86.98639893684529
1789, 80, 511, 5450.68, 90.63276228825868
1790, 81, 511, 5473.24, 53.72320169163412
1791, 82, 511, 5513.36, 127.00326924925987
1792, 83, 511, 5433.16, 105.90285359705847
1793, 84, 511, 5457.68, 71.27564520928591
1794, 85, 511, 5520.92, 43.93169243268463
1795, 86, 511, 5415.96, 63.82318074179632
1796, 87, 511, 5643.8, 117.80967702188136
1797, 88, 511, 5426.24, 72.82707188951098
1798, 89, 511, 5400.16, 96.61415217244314
1799, 90, 511, 5632.8, 39.07838277104107
1800, 91, 511, 5585.24, 113.5307112635167
1801, 92, 511, 5478.6, 69.53847855683931
1802, 93, 511, 5570.36, 122.61284761394296
1803, 94, 511, 5518.72, 78.64376389771792
1804, 95, 511, 5781.32, 134.18098822113365
1805, 96, 511, 5624.76, 115.1427913505661
1806, 97, 511, 5458.0, 99.57750750043907
1807, 98, 511, 5456.88, 75.81415171325206
1808, 99, 511, 5435.68, 47.61824860282034
1809, 100, 511, 5600.72, 86.70202765795042
1810, 101, 511, 5416.24, 101.29887659791692
1811, 102, 511, 5708.92, 109.26844741278242
1812, 103, 511, 5416.16, 102.86872410990621
1813, 104, 511, 5514.92, 50.59163567231248
1814, 105, 511, 5429.44, 72.21306253026526
1815, 106, 511, 5491.56, 64.84201107306897
1816, 107, 511, 5464.4, 111.92032880580722
1817, 108, 511, 5520.6, 85.76852569561868
1818, 109, 511, 5350.48, 125.53346008136634
1819, 110, 511, 5586.96, 88.68302205044661
1820, 111, 511, 5745.48, 162.55192893349493
1821, 112, 511, 5448.48, 59.93404374810697
1822, 113, 511, 5016.76, 47.76130651479291
1823, 114, 511, 5429.0, 106.6279513073378
1824, 115, 511, 5404.6, 77.57061299229238
1825, 116, 511, 5646.52, 99.63337593397104
1826, 117, 511, 5469.64, 67.21064201449053
1827, 118, 511, 5519.08, 96.16524112172756
1828, 119, 511, 5457.2, 88.28091526485211
1829, 120, 511, 5391.96, 102.82897646091786
1830, 121, 511, 5467.24, 82.01672024654484
1831, 122, 511, 5435.16, 74.55128704455745
1832, 123, 511, 5485.88, 94.20034819468555
1833, 124, 511, 5609.72, 51.59110000765635
1834, 125, 511, 5665.24, 140.17511334042146
1835, 126, 511, 5310.32, 88.24
1836, 127, 511, 5420.92, 91.40631050425347
1837, 128, 511, 5535.08, 55.30057504221815
1838, 129, 511, 5499.04, 86.3525239932221
1839, 130, 511, 5660.84, 94.95880369928847
1840, 131, 511, 5663.92, 101.56216618406678
1841, 132, 511, 5519.72, 91.29097217140368
1842, 133, 511, 5648.08, 151.4973055866011
1843, 134, 511, 5693.48, 120.218507726556
1844, 135, 511, 5549.24, 91.29042885209817
1845, 136, 511, 5578.6, 83.69324942909076
1846, 137, 511, 5366.12, 85.82601936475908
1847, 138, 511, 5473.04, 107.74840323642852
1848, 139, 511, 5619.16, 120.14280835738775
1849, 140, 511, 5572.24, 53.92534098176847
1850, 141, 511, 5487.6, 97.16954255320954
1851, 142, 511, 5687.52, 88.8126657633921
1852, 143, 511, 5531.56, 98.56939890249915
1853, 144, 511, 5600.92, 89.43865830836238
1854, 145, 511, 5468.72, 76.87887616244139
1855, 146, 511, 5478.44, 93.47559253623376
1856, 147, 511, 5816.56, 133.85068696125546
1857, 148, 511, 5534.68, 89.3145990306176
1858, 149, 511, 5554.68, 48.590303559455165
1859, 150, 511, 5499.28, 104.08862377800946
1860, 151, 511, 4617.52, 162.85579387912483
1861, 152, 511, 5463.08, 111.40194612303682
1862, 153, 511, 5645.56, 77.035098494128
1863, 154, 511, 5552.68, 111.26462870112856
1864, 155, 511, 5396.28, 63.83699241035718
1865, 156, 511, 5617.36, 115.00778408438273
1866, 157, 511, 5512.72, 66.45691536627321
1867, 158, 511, 5628.12, 48.49026294009963
1868, 159, 511, 5829.32, 105.8424187176389
1869, 160, 511, 5523.76, 110.51308700782909
1870, 161, 511, 5513.08, 63.12965705593529
1871, 162, 511, 5576.36, 87.19856879559434
1872, 163, 511, 5625.2, 92.11384260793814
1873, 164, 511, 5414.48, 84.31897532584226
1874, 165, 511, 5603.4, 112.37615405414086
1875, 166, 511, 5592.8, 87.23347981136601
1876, 167, 511, 5484.72, 73.88613943088379
1877, 168, 511, 5562.68, 36.26427443090514
1878, 169, 511, 5623.88, 142.78216135077938
1879, 170, 511, 5457.68, 90.05408152882354
1880, 171, 511, 5463.68, 77.72089551722884
1881, 172, 511, 5527.88, 71.15409756296542
1882, 173, 511, 5449.08, 95.04606041283351
1883, 174, 511, 5523.52, 79.39728962628384
1884, 175, 511, 5532.32, 97.02936462741576
1885, 176, 511, 5556.2, 83.3076227004468
1886, 177, 511, 5431.76, 74.3420634634256
1887, 178, 511, 5436.76, 120.58367385346989
1888, 179, 511, 5497.32, 83.60465058834944
1889, 180, 511, 5549.96, 85.9201862195375
1890, 181, 511, 5483.96, 69.2788452559654
1891, 182, 511, 5509.72, 101.54507176618667
1892, 183, 511, 5566.6, 33.27100840070827
1893, 184, 511, 5513.64, 100.1849809103141
1894, 185, 511, 5572.08, 79.75759274200796
1895, 186, 511, 5706.32, 110.41112987375867
1896, 187, 511, 5434.52, 83.25821040594133
1897, 188, 511, 5490.52, 70.44550801860967
1898, 189, 511, 5550.2, 80.28847987102507
1899, 190, 511, 5420.56, 84.3934025857472
1900, 191, 511, 5443.8, 109.78633794785212
1901, 192, 511, 5347.16, 67.82723936590666
1902, 193, 511, 5401.16, 81.00947105122955
1903, 194, 511, 5539.56, 54.88830840898633
1904, 195, 511, 5666.8, 96.11451503285026
1905, 196, 511, 5716.92, 108.5787898256377
1906, 197, 511, 5584.52, 107.85550333664015
1907, 198, 511, 5548.4, 65.24476990533418
1908, 199, 511, 5480.24, 41.428762955222304
1909, 200, 511, 5761.0, 119.15703923814152
1910, 201, 511, 5590.92, 127.3743836098923
1911, 202, 511, 5647.72, 82.47109554262026
1912, 203, 511, 5581.8, 77.51283764641829
1913, 204, 511, 5487.72, 75.39099150429047
1914, 205, 511, 5481.96, 108.55062597700669
1915, 206, 511, 5534.12, 121.0885031702019
1916, 207, 511, 5514.24, 92.78891313082615
1917, 208, 511, 5487.36, 61.05006470103042
1918, 209, 511, 5532.08, 92.40516002908062
1919, 210, 511, 5499.08, 53.91468816565668
1920, 211, 511, 5591.48, 138.83634106385836
1921, 212, 511, 5429.8, 76.29416753592636
1922, 213, 511, 5424.44, 98.470332588044
1923, 214, 511, 5566.0, 82.10724693959725
1924, 215, 511, 5473.28, 104.13511223405871
1925, 216, 511, 5765.08, 121.43407100151096
1926, 217, 511, 5412.52, 75.66775799506682
1927, 218, 511, 5569.92, 142.97074386041362
1928, 219, 511, 5601.44, 120.55242179234725
1929, 220, 511, 5457.12, 86.71946494299883
1930, 221, 511, 5561.64, 76.82961928839683
1931, 222, 511, 5569.0, 141.0407033448146
1932, 223, 511, 5441.76, 72.98891970703498
1933, 224, 511, 5477.52, 105.37518493459454
1934, 225, 511, 5497.0, 76.11044606359891
1935, 226, 511, 5594.76, 109.76858567003583
1936, 227, 511, 5609.8, 69.02057664204204
1937, 228, 511, 5426.0, 85.05527614439917
1938, 229, 511, 5501.84, 72.91182620124117
1939, 230, 511, 5540.96, 85.08935538597058
1940, 231, 511, 5610.68, 103.28125483358536
1941, 232, 511, 5526.96, 66.19031953390163
1942, 233, 511, 5685.68, 141.8389847679403
1943, 234, 511, 5620.68, 153.99005682186106
1944, 235, 511, 5595.56, 171.23622981133406
1945, 236, 511, 5421.44, 80.24267193956094
1946, 237, 511, 5555.32, 66.69675854192617
1947, 238, 511, 5492.16, 86.34242526128159
1948, 239, 511, 5782.88, 148.5714158241753
1949, 240, 511, 5434.84, 112.42337123569993
1950, 241, 511, 5423.6, 96.38091097307597
1951, 242, 511, 5473.68, 76.28196117038418
1952, 243, 511, 5594.08, 106.92835732395781
1953, 244, 511, 5585.52, 98.855498582527
1954, 245, 511, 5749.28, 121.48926536941441
1955, 246, 511, 5471.76, 105.00258282537625
1956, 247, 511, 5620.28, 101.24999555555546
1957, 248, 511, 5574.12, 93.99885956755008
1958, 249, 511, 5610.24, 30.418783670620364
1959, 250, 511, 5348.36, 101.30858996156248
1960, 251, 511, 5422.92, 95.22895358030561
1961, 252, 511, 5360.12, 99.38463462729035
1962, 253, 511, 5532.44, 51.30698198101307
1963, 254, 511, 5493.48, 75.7005257577515
1964, 255, 511, 5510.4, 64.41863084543165
1965, 256, 511, 5418.84, 85.93936467067927
1966, 257, 511, 5522.0, 92.97741661285282
1967, 258, 511, 5485.16, 86.57744740981914
1968, 259, 511, 5539.52, 87.44466593223397
1969, 260, 511, 5331.2, 101.91761378682293
1970, 261, 511, 5486.72, 43.1263446167189
1971, 262, 511, 5478.48, 84.45264708699187
1972, 263, 511, 5412.96, 88.96537753530865
1973, 264, 511, 5508.2, 126.42752864783841
1974, 265, 511, 5513.0, 119.21778390827436
1975, 266, 511, 5423.4, 86.73130922567697
1976, 267, 511, 5521.12, 65.62031392792936
1977, 268, 511, 5411.4, 100.42868116230541
1978, 269, 511, 5858.68, 130.8567827817878
1979, 270, 511, 5762.52, 96.56671062017179
1980, 271, 511, 5567.12, 99.8087451078311
1981, 272, 511, 5334.04, 96.21870088501505
1982, 273, 511, 5536.84, 101.77924346348817
1983, 274, 511, 5473.52, 70.6286740637257
1984, 275, 511, 5528.2, 92.23751948095742
1985, 276, 511, 5587.28, 78.27874296384682
1986, 277, 511, 5430.4, 113.40299819669671
1987, 278, 511, 5503.8, 108.27003278839442
1988, 279, 511, 5496.72, 97.74191322048078
1989, 280, 511, 5587.04, 107.03437952359046
1990, 281, 511, 5445.12, 96.324999870231
1991, 282, 511, 5599.84, 123.58824539574951
1992, 283, 511, 5530.96, 46.59912445529422
1993, 284, 511, 5467.88, 92.04751816317481
1994, 285, 511, 5464.8, 84.89475837765251
1995, 286, 511, 5527.68, 124.90307282048748
1996, 287, 511, 5470.72, 75.64893654242601
1997, 288, 511, 5549.72, 103.00699782053644
1998, 289, 511, 5661.76, 131.25342814570598
1999, 290, 511, 5761.0, 104.04268354862825
2000, 291, 511, 5519.24, 121.28389175813909
2001, 292, 511, 5500.36, 102.51902457592932
2002, 293, 511, 5339.32, 143.7140828172382
2003, 294, 511, 5525.0, 87.16283611723519
2004, 295, 511, 5731.72, 153.90867941737397
2005, 296, 511, 5542.76, 88.33177457744183
2006, 297, 511, 5483.56, 80.20677278135555
2007, 298, 511, 5468.32, 100.9905817390909
2008, 299, 511, 5542.04, 119.82536626274087
2009, 300, 511, 5539.2, 84.76555904375314
2010, 301, 511, 5612.28, 112.39093201855745
2011, 302, 511, 5374.56, 94.3529882939592
2012, 303, 511, 5531.52, 77.5696435469443
2013, 304, 511, 5511.72, 107.3761686781569
2014, 305, 511, 5615.6, 133.52033552983605
2015, 306, 511, 5645.76, 179.10785130752922
2016, 307, 511, 5640.76, 75.95065766667199
2017, 308, 511, 5634.6, 83.29945978216185
2018, 309, 511, 5523.4, 88.09131625761985
2019, 310, 511, 5688.0, 108.06627596063446
2020, 311, 511, 5565.96, 102.49506524706446
2021, 312, 511, 5534.28, 84.66476008351998
2022, 313, 511, 5614.8, 111.92390271966038
2023, 314, 511, 5674.48, 122.99694955566987
2024, 315, 511, 5558.12, 113.24356758774425
2025, 316, 511, 5475.48, 94.90758452305063
2026, 317, 511, 5426.2, 102.9182199612877
2027, 318, 511, 5556.28, 98.10709250609764
2028, 319, 511, 5447.12, 98.9461752671623
2029, 320, 511, 5557.76, 91.59269839894444
2030, 321, 511, 5460.32, 46.39803444112692
2031, 322, 511, 5399.92, 106.8984265553053
2032, 323, 511, 5392.32, 95.34095447393003
2033, 324, 511, 5475.36, 89.6726848042368
2034, 325, 511, 5571.64, 109.19885713687667
2035, 326, 511, 5459.64, 82.24299605437535
2036, 327, 511, 5417.52, 123.92098127435885
2037, 328, 511, 5484.6, 105.72303438702467
2038, 329, 511, 5539.28, 145.10589788151273
2039, 330, 511, 5412.92, 91.3244414163043
2040, 331, 511, 5500.08, 108.05106940701698
2041, 332, 511, 5412.84, 93.4124959520941
2042, 333, 511, 5848.6, 137.91388617539567
2043, 334, 511, 5626.56, 86.59980600440164
2044, 335, 511, 5441.72, 106.05414466205458
2045, 336, 511, 5478.36, 109.11860702923221
2046, 337, 511, 5686.2, 136.24360535452666
2047, 338, 511, 5424.72, 117.1359961753858
2048, 339, 511, 5481.72, 73.65461017478812
2049, 340, 511, 5739.84, 109.15298621659417
2050, 341, 511, 5520.56, 137.4234565130713
2051, 342, 511, 5428.6, 98.15457197706075
2052, 343, 511, 5408.8, 93.19785405254778
2053, 344, 511, 5431.68, 86.06682055240567
2054, 345, 511, 5521.96, 73.06407051348836
2055, 346, 511, 5417.84, 77.21641276309072
2056, 347, 511, 5561.76, 89.1247575031764
2057, 348, 511, 5491.56, 76.54022733177632
2058, 349, 511, 5585.36, 124.83585382413179
2059, 350, 511, 5694.64, 124.87205612145577
2060, 351, 511, 5517.84, 126.28750690388975
2061, 352, 511, 5735.04, 100.41373611214753
2062, 353, 511, 5601.48, 117.18024406869957
2063, 354, 511, 5793.28, 138.23936342446027
2064, 355, 511, 5616.52, 106.12261587428007
2065, 356, 511, 5423.6, 100.8333278236913
2066, 357, 511, 5571.84, 96.62201819461235
2067, 358, 511, 5573.32, 57.61924678438622
2068, 359, 511, 4404.88, 88.55159851747455
2069, 360, 511, 5409.08, 137.2145531640139
2070, 361, 511, 5574.96, 80.94812165825715
2071, 362, 511, 5338.28, 61.62955135322663
2072, 363, 511, 5485.96, 102.97163881380155
2073, 364, 511, 5460.32, 79.73993729618805
2074, 365, 511, 5540.08, 82.24739266384071
2075, 366, 511, 5388.0, 101.97136853058313
2076, 367, 511, 5397.72, 84.81958264457565
2077, 368, 511, 5397.2, 84.9983529252185
2078, 369, 511, 5463.32, 76.16073529056821
2079, 370, 511, 5490.36, 71.85367353169913
2080, 371, 511, 5418.24, 99.00758758802276
2081, 372, 511, 5524.76, 93.66676251477895
2082, 373, 511, 5475.32, 101.22873900232089
2083, 374, 511, 5533.52, 99.46179970219721
2084, 375, 511, 5488.44, 98.86842974377615
2085, 376, 511, 5439.28, 101.01386835479572
2086, 377, 511, 5420.56, 102.65011641493642
2087, 378, 511, 5671.32, 155.45667435012237
2088, 379, 511, 5511.56, 149.77398438981317
2089, 380, 511, 5395.92, 77.70452753861899
2090, 381, 511, 5481.84, 114.32923685567047
2091, 382, 511, 5374.48, 105.28366255027414
2092, 383, 511, 5645.4, 61.0055735158682
2093, 384, 511, 5479.16, 84.71395634722771
2094, 385, 511, 5450.12, 97.1186161351159
2095, 386, 511, 5402.64, 67.5389546854258
2096, 387, 511, 5391.08, 115.35646319127507
2097, 388, 511, 5474.96, 103.15560285316548
2098, 389, 511, 5456.48, 108.52064135453678
2099, 390, 511, 5402.48, 111.06542936485683
2100, 391, 511, 5418.16, 116.6089807862156
2101, 392, 511, 5384.52, 110.85742916016048
2102, 393, 511, 5588.12, 87.07482759098636
2103, 394, 511, 5614.88, 65.51965811876616
2104, 395, 511, 5545.64, 80.94634272158315
2105, 396, 511, 5431.8, 99.40945629063665
2106, 397, 511, 5694.4, 140.0722670623989
2107, 398, 511, 5415.2, 64.1404708432983
2108, 399, 511, 5463.64, 124.60686337437437
2109, 400, 511, 5560.12, 94.65191809995189
2110, 401, 511, 5428.08, 99.2902492695028
2111, 402, 511, 5510.32, 82.01010669423617
2112, 403, 511, 5553.44, 69.02004346564844
2113, 404, 511, 5450.52, 84.94286079477192
2114, 405, 511, 5644.16, 114.83437812780629
2115, 406, 511, 5489.4, 112.14847301680037
2116, 407, 511, 5528.16, 56.58669808356024
2117, 408, 511, 5493.64, 79.68381516970683
2118, 409, 511, 5424.88, 119.265860999701
2119, 410, 511, 5359.96, 120.17503234865383
2120, 411, 511, 5563.76, 137.87625756452775
2121, 412, 511, 5393.16, 66.36003616635541
2122, 413, 511, 5390.04, 109.16573821488132
2123, 414, 511, 5402.16, 99.12282481850484
2124, 415, 511, 5497.48, 98.07756930103844
2125, 416, 511, 5378.24, 85.70613980340032
2126, 417, 511, 5532.76, 85.29069351341914
2127, 418, 511, 5407.24, 109.83998543335665
2128, 419, 511, 5428.0, 82.31597657806168
2129, 420, 511, 5529.72, 94.51159505584486
2130, 421, 511, 5470.56, 64.63316795577948
2131, 422, 511, 5413.52, 96.02463017372158
2132, 423, 511, 5494.92, 76.07150320586547
2133, 424, 511, 5452.92, 73.7264782829073
2134, 425, 511, 5746.76, 136.3446456594464
2135, 426, 511, 5376.2, 79.88391577783352
2136, 427, 511, 5575.32, 94.66096133042385
2137, 428, 511, 5536.36, 36.89973441638842
2138, 429, 511, 5849.2, 128.28094168659663
2139, 430, 511, 5618.8, 108.1214132353069
2140, 431, 511, 5399.96, 98.79209684989988
2141, 432, 511, 5587.6, 85.54484204205419
2142, 433, 511, 5505.32, 94.3295160593968
2143, 434, 511, 5476.64, 74.47838881178889
2144, 435, 511, 5479.64, 86.6832763570921
2145, 436, 511, 5437.32, 105.42323083647172
2146, 437, 511, 5573.32, 62.2798330119791
2147, 438, 511, 5506.4, 66.33551085203156
2148, 439, 511, 5558.04, 64.83547177278808
2149, 440, 511, 5528.92, 102.75521203325894
2150, 441, 511, 5531.16, 106.58618296946374
2151, 442, 511, 5606.28, 107.96426075326963
2152, 443, 511, 5445.44, 100.83811977620367
2153, 444, 511, 5450.72, 91.60677704187611
2154, 445, 511, 5447.92, 80.10938521796307
2155, 446, 511, 5531.64, 114.16895550017088
2156, 447, 511, 5515.2, 47.997499934892446
2157, 448, 511, 5806.72, 113.08210114779438
2158, 449, 511, 5575.08, 129.1752050511243
2159, 450, 511, 5529.52, 121.68520698918172
2160, 451, 511, 5579.72, 90.24301413405915
2161, 452, 511, 5707.16, 86.49378243550225
2162, 453, 511, 5477.56, 99.41673098628821
2163, 454, 511, 5574.76, 81.32270531653506
2164, 455, 511, 5525.76, 94.91018069733089
2165, 456, 511, 5412.72, 81.05332565663176
2166, 457, 511, 5493.92, 51.73773864404976
2167, 458, 511, 5606.08, 108.02293089895312
2168, 459, 511, 5563.84, 114.2987943943417
2169, 460, 511, 5531.12, 84.84966470175354
2170, 461, 511, 5448.44, 83.3666983873057
2171, 462, 511, 5691.36, 83.34884762250766
2172, 463, 511, 5408.96, 89.55466710339556
2173, 464, 511, 5502.88, 104.62631408971646
2174, 465, 511, 5503.56, 73.74446691108425
2175, 466, 511, 5355.44, 89.37296235439442
2176, 467, 511, 5501.44, 81.29997785977558
2177, 468, 511, 7430.4, 122.86447818633341
2178, 469, 511, 5859.12, 160.5780358579591
2179, 470, 511, 5542.12, 73.32029459842616
2180, 471, 511, 5595.88, 74.38726772775028
2181, 472, 511, 5405.2, 97.29583752658694
2182, 473, 511, 5693.24, 138.76434124082454
2183, 474, 511, 5369.72, 89.68233716847482
2184, 475, 511, 5641.2, 126.07807105123396
2185, 476, 511, 5429.36, 69.83802975456854
2186, 477, 511, 5413.88, 113.72117480926758
2187, 478, 511, 5461.92, 69.37948976462712
2188, 479, 511, 5500.04, 87.4393412600987
2189, 480, 511, 5458.12, 66.19324436828883
2190, 481, 511, 5433.8, 90.95537367302714
2191, 482, 511, 5524.52, 102.78292465190898
2192, 483, 511, 5432.8, 89.53167037423127
2193, 484, 511, 5441.6, 88.41764529775716
2194, 485, 511, 5449.32, 71.6082229914973
2195, 486, 511, 5439.08, 84.30322413763308
2196, 487, 511, 5455.24, 100.81439579742568
2197, 488, 511, 5582.0, 93.16565890927836
2198, 489, 511, 5889.2, 51.73780049441607
2199, 490, 511, 5403.0, 94.62092791766524
2200, 491, 511, 5453.2, 69.17745297421698
2201, 492, 511, 5427.88, 107.77692517417631
2202, 493, 511, 5584.52, 76.75942678264343
2203, 494, 511, 5582.72, 106.7788443466214
2204, 495, 511, 5507.4, 87.99545442805554
2205, 496, 511, 5409.4, 83.20769195212664
2206, 497, 511, 5603.0, 83.06527553677289
2207, 498, 511, 5603.0, 71.5944131898572
2208, 499, 511, 5543.16, 99.42984662564857
2209, 500, 511, 5575.12, 52.314678628469075
2210, 501, 511, 5562.84, 98.10675002261566
2211, 502, 511, 5520.8, 51.433063295899466
2212, 503, 511, 5600.08, 37.36406830097601
2213, 504, 511, 5424.84, 97.75016317121931
2214, 505, 511, 5551.92, 72.76972997064095
2215, 506, 511, 5267.24, 106.46399579200472
2216, 507, 511, 5513.52, 104.09653980800705
2217, 508, 511, 5549.4, 111.67094519166568
2218, 509, 511, 5705.32, 150.41109533541731
2219, 510, 511, 5572.92, 89.6289774570702
2220, 511, 511, 5565.4, 30.963203968581805
2221, 512, 511, 5544.6, 89.01280806715403
2222, 513, 511, 5537.6, 44.07538995856984
2223, 514, 511, 5392.28, 83.33859610048636
2224, 515, 511, 5574.68, 102.38465510026393
2225, 516, 511, 5581.68, 43.77553654725435
2226, 517, 511, 5911.12, 130.999029004035
2227, 518, 511, 5598.36, 83.69128031043617
2228, 519, 511, 5325.56, 129.35287549954197
2229, 520, 511, 5531.2, 63.67982412036013
2230, 521, 511, 5534.76, 66.58064583645911
2231, 522, 511, 5436.32, 74.14511177414194
2232, 523, 511, 5542.0, 98.27471699272402
2233, 524, 511, 5464.56, 112.62684582283214
2234, 525, 511, 5498.76, 97.81136130327602
2235, 526, 511, 5596.08, 108.05551165951692
2236, 527, 511, 5629.72, 128.04046860270387
2237, 528, 511, 5480.4, 91.04021089606503
2238, 529, 511, 5547.76, 99.00152726094684
2239, 530, 511, 5589.8, 108.68081707458774
2240, 531, 511, 5419.8, 99.05432852732889
2241, 532, 511, 5696.76, 110.44501980623662
2242, 533, 511, 5494.52, 102.87511652484288
2243, 534, 511, 5595.76, 33.695435892714016
2244, 535, 511, 5548.8, 81.38255341287837
2245, 536, 511, 5421.04, 94.04572504904198
2246, 537, 511, 5497.52, 60.911818229305865
2247, 538, 511, 5558.88, 69.13020757961023
2248, 539, 511, 5616.48, 89.23323147796452
2249, 540, 511, 5556.08, 34.30559138099794
2250, 541, 511, 5628.84, 107.87017382019923
2251, 542, 511, 5634.8, 82.99831323587246
2252, 543, 511, 5538.72, 85.75384306257068
2253, 544, 511, 5485.6, 105.89542010870915
2254, 545, 511, 5612.36, 121.89007506766086
2255, 546, 511, 5541.32, 67.83846696381046
2256, 547, 511, 5471.52, 48.35627777238443
2257, 548, 511, 5523.8, 76.74320816854089
2258, 549, 511, 5483.92, 61.328570829589694
2259, 550, 511, 5448.92, 106.75951292507848
2260, 551, 511, 5716.68, 112.94378070526946
2261, 552, 511, 5654.4, 32.43948211670464
2262, 553, 511, 5636.36, 150.4932902158764
2263, 554, 511, 5624.28, 88.81554818836621
2264, 555, 511, 5751.56, 135.92147144583154
2265, 556, 511, 5543.96, 71.44479267238447
2266, 557, 511, 5502.84, 50.21846672290982
2267, 558, 511, 5697.52, 129.02592607689354
2268, 559, 511, 5623.88, 36.11461753916272
2269, 560, 511, 5645.44, 125.30956228476741
2270, 561, 511, 5642.68, 107.63297635947822
2271, 562, 511, 5573.28, 79.23308399904676
2272, 563, 511, 5429.92, 90.98479873033736
2273, 564, 511, 5526.88, 52.17840166199038
2274, 565, 511, 5483.44, 76.19400501351795
2275, 566, 511, 5545.2, 58.00758571083613
2276, 567, 511, 5572.88, 78.55154740678249
2277, 568, 511, 5525.4, 47.32187654774481
2278, 569, 511, 5960.72, 81.08194373595147
2279, 570, 511, 5703.24, 100.52990798762326
2280, 571, 511, 5700.72, 122.94536022152279
2281, 572, 511, 5416.64, 76.09408912655437
2282, 573, 511, 5479.56, 65.8471442053488
2283, 574, 511, 5424.16, 95.17549264385238
2284, 575, 511, 5431.28, 69.58937849988315
2285, 576, 511, 5511.0, 91.02746838180221
2286, 577, 511, 5546.84, 98.58911907507846
2287, 578, 511, 5400.96, 103.3972842970259
2288, 579, 511, 5603.2, 76.99142809430151
2289, 580, 511, 5566.52, 89.36850451920968
2290, 581, 511, 5632.72, 127.19481750448796
2291, 582, 511, 5421.68, 69.2489537827107
2292, 583, 511, 5774.88, 130.99414338053438
2293, 584, 511, 5452.76, 103.58389063942327
2294, 585, 511, 5383.96, 88.68121785361316
2295, 586, 511, 5478.28, 74.48356597263587
2296, 587, 511, 5569.0, 133.08673863311853
2297, 588, 511, 5459.72, 72.73707170349931
2298, 589, 511, 5471.8, 102.85212686182041
2299, 590, 511, 5566.92, 67.9093042226174
2300, 591, 511, 5595.56, 104.71449947356861
2301, 592, 511, 5515.08, 38.44364186702399
2302, 593, 511, 5496.64, 43.2137755814046
2303, 594, 511, 5565.08, 110.5809820900502
2304, 595, 511, 5534.76, 96.05468442507112
2305, 596, 511, 5676.36, 90.2028292239218
2306, 597, 511, 5523.32, 39.82634304075633
2307, 598, 511, 5919.08, 103.223222193458
2308, 599, 511, 5494.48, 78.85283507902552
2309, 600, 511, 5546.8, 77.18238140923096
2310, 601, 511, 5572.2, 92.46837297151929
2311, 602, 511, 5398.2, 67.2053569293401
2312, 603, 511, 5807.12, 140.7892950475994
2313, 604, 511, 5543.68, 78.89573879494381
2314, 605, 511, 5591.72, 101.6993687296042
2315, 606, 511, 5527.56, 77.32739747334058
2316, 607, 511, 5520.04, 74.42659739636095
2317, 608, 511, 5516.2, 68.44326117303295
2318, 609, 511, 5497.44, 84.30092763427932
2319, 610, 511, 5723.04, 85.79066615897094
2320, 611, 511, 5692.08, 122.86738216467378
2321, 612, 511, 5872.0, 75.95419672407839
2322, 613, 511, 5538.96, 36.25739097066969
2323, 614, 511, 5587.16, 97.54124460965217
2324, 615, 511, 5435.28, 77.49246156885198
2325, 616, 511, 5509.0, 81.68965662799667
2326, 617, 511, 5486.28, 91.76078465226853
2327, 618, 511, 5507.16, 114.32223930626971
2328, 619, 511, 5482.04, 77.60179379370042
2329, 620, 511, 5585.16, 66.4762694500827
2330, 621, 511, 5621.16, 113.46283268101494
2331, 622, 511, 5394.8, 94.99515777133064
2332, 623, 511, 5560.88, 93.90178699045083
2333, 624, 511, 5538.2, 48.178003279505056
2334, 625, 511, 5513.48, 51.51785709829166
2335, 626, 511, 5529.12, 98.40744687268338
2336, 627, 511, 5520.32, 87.91028153748572
2337, 628, 511, 5485.24, 105.46289584493685
2338, 629, 511, 5550.64, 61.156769044808115
2339, 630, 511, 5480.92, 52.38619665522589
2340, 631, 511, 5827.0, 134.36309016988258
2341, 632, 511, 5437.24, 77.82661755466441
2342, 633, 511, 5535.76, 83.84284346323186
2343, 634, 511, 5597.76, 39.44442165883536
2344, 635, 511, 5538.92, 78.06147321182198
2345, 636, 511, 5522.36, 91.50776141945556
2346, 637, 511, 5552.96, 79.92270265700479
2347, 638, 511, 5649.76, 53.03831068199664
2348, 639, 511, 8812.56, 122.0839317846538
