Number of pixels outside +/- 5sigma range: 2334
Num hot pixels (>5sigma): 2329
Num cold pixels (<5sigma): 5

num, Pixel_x, Pixel_y, Pixel_Mean, Pixel_Std
1, 0, 0, 3358.12, 129.44074165424115
2, 1, 0, 2490.84, 73.25608780162916
3, 2, 0, 2588.84, 181.96937764360246
4, 3, 0, 2589.44, 158.279519837533
5, 4, 0, 2449.24, 106.0887477539442
6, 5, 0, 2501.72, 96.26235816766592
7, 6, 0, 2708.64, 165.10817787135804
8, 7, 0, 2343.4, 118.9386396424644
9, 8, 0, 2511.24, 136.29593684332633
10, 9, 0, 2495.08, 104.03034941785018
11, 10, 0, 2647.96, 149.84644940738502
12, 11, 0, 2708.48, 131.06551644120583
13, 12, 0, 2828.48, 130.14580131529408
14, 13, 0, 2483.68, 90.12867246331768
15, 14, 0, 2654.68, 124.28667507017796
16, 15, 0, 2406.24, 118.7596833946605
17, 16, 0, 2358.24, 112.59672464152764
18, 17, 0, 2623.84, 138.54867159233248
19, 18, 0, 2673.16, 125.6225075374632
20, 19, 0, 2690.28, 135.74815505191958
21, 20, 0, 2373.88, 133.103063826495
22, 21, 0, 2447.44, 114.5296747572436
23, 22, 0, 2421.44, 116.0910263543225
24, 23, 0, 2588.0, 164.50750742747275
25, 24, 0, 2586.44, 73.7623643872673
26, 25, 0, 2678.0, 153.03907997632498
27, 26, 0, 2566.36, 159.21705436290426
28, 27, 0, 2506.96, 151.645502406105
29, 28, 0, 2711.68, 125.43068842990539
30, 29, 0, 2449.4, 128.96014888328875
31, 30, 0, 2737.24, 144.56397338202905
32, 31, 0, 2481.68, 63.756235773452005
33, 32, 0, 2685.24, 136.7129196528258
34, 33, 0, 2428.52, 117.47684708060562
35, 34, 0, 2580.6, 128.87854747784831
36, 35, 0, 2411.16, 100.64817136937957
37, 36, 0, 2480.64, 109.96140413799745
38, 37, 0, 2814.6, 136.3293071940146
39, 38, 0, 2420.56, 107.36892660355696
40, 39, 0, 2354.2, 121.508847414499
41, 40, 0, 2499.84, 127.99989999996093
42, 41, 0, 2501.04, 95.9360120080046
43, 42, 0, 2514.36, 114.33980234371582
44, 43, 0, 2621.36, 158.03945836404276
45, 44, 0, 2463.96, 111.51519358365479
46, 45, 0, 2628.92, 156.00587681238167
47, 46, 0, 2486.48, 101.02162936718057
48, 47, 0, 2589.52, 155.652464162955
49, 48, 0, 2827.48, 143.66352912273874
50, 49, 0, 2439.28, 109.82805470370494
51, 50, 0, 2683.28, 154.1047747475723
52, 51, 0, 2605.6, 134.900259451196
53, 52, 0, 2408.56, 108.02854437601201
54, 53, 0, 2710.72, 131.2138773148633
55, 54, 0, 2493.08, 148.20389198668164
56, 55, 0, 2619.48, 139.19945976906664
57, 56, 0, 2472.28, 107.45511435013226
58, 57, 0, 2622.76, 139.68057273651195
59, 58, 0, 2719.32, 130.37690593045994
60, 59, 0, 2327.32, 119.7242565230622
61, 60, 0, 2518.04, 104.26254552810418
62, 61, 0, 2420.48, 106.20399992467328
63, 62, 0, 2361.24, 114.77291666591033
64, 63, 0, 2503.8, 96.33690881484624
65, 64, 0, 2506.84, 114.80232750253803
66, 65, 0, 2543.76, 149.80100934239394
67, 66, 0, 2442.32, 99.01746108641647
68, 67, 0, 2524.96, 130.12869937104574
69, 68, 0, 2422.92, 138.05532803915972
70, 69, 0, 2461.08, 58.46771416773535
71, 70, 0, 2496.04, 96.84357696822231
72, 71, 0, 2490.04, 98.51029590860033
73, 72, 0, 2698.8, 157.71620081652992
74, 73, 0, 2641.48, 165.06341084565045
75, 74, 0, 2437.76, 114.92337621215276
76, 75, 0, 2451.08, 107.24399097385366
77, 76, 0, 2513.56, 115.55503623814933
78, 77, 0, 2391.4, 137.472033519549
79, 78, 0, 2622.92, 133.67570310269554
80, 79, 0, 2620.32, 158.63561264734977
81, 80, 0, 2521.16, 135.23954451269051
82, 81, 0, 2466.8, 126.64943742472764
83, 82, 0, 2620.08, 159.32405217041148
84, 83, 0, 2443.36, 87.90716921844314
85, 84, 0, 2485.88, 99.26986249612717
86, 85, 0, 2508.4, 89.26679113757815
87, 86, 0, 2485.32, 121.24181456906688
88, 87, 0, 15281.16, 331.9051286135843
89, 88, 0, 2465.84, 114.1191237260434
90, 89, 0, 2435.28, 122.01590715968143
91, 90, 0, 2679.56, 131.14238979063938
92, 91, 0, 2419.84, 123.24404407516009
93, 92, 0, 2635.84, 151.99017863006807
94, 93, 0, 2443.24, 120.52428137101668
95, 94, 0, 2709.92, 129.4362916650504
96, 95, 0, 2346.12, 131.83696598450678
97, 96, 0, 2470.2, 109.01045821387966
98, 97, 0, 2485.6, 94.98505145547904
99, 98, 0, 2439.36, 113.56967200797932
100, 99, 0, 2495.96, 84.8459686726482
101, 100, 0, 2495.32, 157.1141546774192
102, 101, 0, 2448.96, 94.83943483593733
103, 102, 0, 2496.84, 133.98378409344915
104, 103, 0, 2481.6, 110.48293985950951
105, 104, 0, 2438.8, 96.59689436001554
106, 105, 0, 2492.92, 96.126549922485
107, 106, 0, 2454.0, 112.57353152495483
108, 107, 0, 2426.12, 137.20738172562
109, 108, 0, 2414.28, 87.06894739228217
110, 109, 0, 2467.16, 111.8590827782885
111, 110, 0, 2634.28, 123.12027290418098
112, 111, 0, 2478.8, 121.3892911257002
113, 112, 0, 2390.88, 102.95098639644011
114, 113, 0, 2673.4, 136.44925796793473
115, 114, 0, 2625.72, 106.98991354328687
116, 115, 0, 2328.0, 129.46721592743083
117, 116, 0, 2566.28, 162.72197638917734
118, 117, 0, 2475.88, 103.51514671776299
119, 118, 0, 2383.96, 130.01337777321223
120, 119, 0, 2271.56, 108.40261251464376
121, 120, 0, 2371.08, 95.78054917361875
122, 121, 0, 2445.16, 119.04206987447758
123, 122, 0, 2657.84, 144.10292987999927
124, 123, 0, 2500.16, 102.72358249204513
125, 124, 0, 2442.0, 97.17365898225712
126, 125, 0, 2756.64, 128.34543388839353
127, 126, 0, 2471.48, 96.76698610579955
128, 127, 0, 2435.04, 127.93919805907804
129, 128, 0, 2489.12, 91.4139245410676
130, 129, 0, 2459.44, 101.44282330455911
131, 130, 0, 2707.6, 121.4261915733175
132, 131, 0, 2676.32, 132.55058506094946
133, 132, 0, 2487.92, 103.52387937089684
134, 133, 0, 2491.44, 104.29538053049137
135, 134, 0, 2760.88, 135.18175024758338
136, 135, 0, 2413.88, 102.69423352847033
137, 136, 0, 2731.48, 157.95648008233155
138, 137, 0, 2521.8, 171.49110764118353
139, 138, 0, 2690.2, 132.42507315459562
140, 139, 0, 2686.24, 137.62827616445685
141, 140, 0, 2432.6, 102.26201640883089
142, 141, 0, 2403.64, 112.5443485920106
143, 142, 0, 2485.68, 93.0056858476943
144, 143, 0, 2497.72, 95.83424022759299
145, 144, 0, 2665.36, 135.240786747194
146, 145, 0, 2433.04, 135.8188440533934
147, 146, 0, 2599.92, 115.25169673371408
148, 147, 0, 2573.4, 159.62105124324924
149, 148, 0, 2471.8, 104.7377677822093
150, 149, 0, 2487.84, 119.81942413482047
151, 150, 0, 2706.72, 123.36531765451748
152, 151, 0, 2407.2, 109.08748782513969
153, 152, 0, 2452.92, 96.5740834799896
154, 153, 0, 2440.88, 101.39874555437063
155, 154, 0, 2464.96, 95.41592319943248
156, 155, 0, 2469.28, 56.79050624884409
157, 156, 0, 2455.08, 123.35961089432796
158, 157, 0, 2449.8, 122.62887098884993
159, 158, 0, 2748.44, 137.00016934296104
160, 159, 0, 2372.72, 123.4502393679332
161, 160, 0, 2498.64, 128.68407205244944
162, 161, 0, 2674.76, 155.40071557106808
163, 162, 0, 2418.16, 114.92073094094033
164, 163, 0, 2582.64, 187.81903630888965
165, 164, 0, 2460.88, 91.78249070492694
166, 165, 0, 2512.88, 198.41760405770452
167, 166, 0, 2476.16, 101.89747003728797
168, 167, 0, 2665.08, 128.08900655403647
169, 168, 0, 2631.4, 162.2644754713736
170, 169, 0, 2499.12, 132.86965643065386
171, 170, 0, 2466.84, 102.77107764346931
172, 171, 0, 2434.08, 105.97845818844509
173, 172, 0, 2700.88, 131.3962921851298
174, 173, 0, 2550.64, 108.45455453783394
175, 174, 0, 2391.2, 116.95674414072921
176, 175, 0, 2454.8, 119.59665547163098
177, 176, 0, 2392.88, 104.99421698360342
178, 177, 0, 2390.4, 111.04269449180346
179, 178, 0, 2466.88, 97.85594310004885
180, 179, 0, 2437.6, 115.80362688620768
181, 180, 0, 2596.8, 127.30435970539266
182, 181, 0, 2499.12, 103.91547334252007
183, 182, 0, 2559.12, 150.90508805206005
184, 183, 0, 2731.08, 161.68634326992492
185, 184, 0, 2395.56, 129.33432027114847
186, 185, 0, 2413.76, 73.49899591150889
187, 186, 0, 2377.88, 136.51177824642093
188, 187, 0, 2425.84, 125.65275325276401
189, 188, 0, 2318.0, 124.54814330209824
190, 189, 0, 2412.12, 102.34346877060597
191, 190, 0, 2378.08, 107.52224700033011
192, 191, 0, 2417.48, 112.4911089819991
193, 192, 0, 2527.36, 129.12811622570817
194, 193, 0, 2505.56, 161.21664430200747
195, 194, 0, 2387.88, 110.61367727365365
196, 195, 0, 2450.56, 124.80835869444002
197, 196, 0, 2442.96, 118.44812535451965
198, 197, 0, 2573.96, 133.03006577462105
199, 198, 0, 2685.04, 135.97984556543665
200, 199, 0, 2301.0, 118.13585399869085
201, 200, 0, 2488.68, 98.00274281875993
202, 201, 0, 2540.64, 119.37566921278389
203, 202, 0, 2427.0, 107.52376481503984
204, 203, 0, 2600.84, 125.49953944138602
205, 204, 0, 2472.68, 127.04100755267962
206, 205, 0, 2413.92, 90.61519519374218
207, 206, 0, 2528.88, 147.39750879848683
208, 207, 0, 2694.48, 112.67586076884436
209, 208, 0, 2433.64, 129.51104354455646
210, 209, 0, 2440.16, 84.82390229174793
211, 210, 0, 2384.68, 122.37604994442336
212, 211, 0, 2444.52, 106.54618529069917
213, 212, 0, 2448.2, 112.61367590128651
214, 213, 0, 2405.04, 128.0966759912216
215, 214, 0, 2426.2, 73.2349643271573
216, 215, 0, 2442.68, 97.84016353216096
217, 216, 0, 2733.56, 146.5283808686904
218, 217, 0, 2481.6, 121.6424268090702
219, 218, 0, 2434.28, 97.2989290794097
220, 219, 0, 2428.32, 111.7163264702165
221, 220, 0, 2612.84, 102.63086475325052
222, 221, 0, 2443.6, 95.62551960643142
223, 222, 0, 2496.8, 147.25515271120398
224, 223, 0, 2472.52, 96.39424049184682
225, 224, 0, 2463.72, 87.96522949438602
226, 225, 0, 2454.48, 97.18235230740198
227, 226, 0, 2476.16, 122.9197071262375
228, 227, 0, 2410.2, 79.80175436668043
229, 228, 0, 2612.96, 142.08940284201353
230, 229, 0, 2443.2, 119.97533079762688
231, 230, 0, 2519.84, 114.10405076069823
232, 231, 0, 2428.84, 99.99707195713283
233, 232, 0, 2481.92, 99.38366867851074
234, 233, 0, 2466.76, 106.11928382721023
235, 234, 0, 2510.24, 87.30831804587693
236, 235, 0, 2751.0, 153.85889639536612
237, 236, 0, 2453.52, 114.89164286404821
238, 237, 0, 2399.56, 106.34851385891578
239, 238, 0, 2404.44, 116.05174018514327
240, 239, 0, 2448.12, 101.23529819188562
241, 240, 0, 2385.92, 122.38820858236302
242, 241, 0, 2414.52, 89.789139655083
243, 242, 0, 2380.6, 99.47502199044744
244, 243, 0, 2494.8, 105.477580556249
245, 244, 0, 2441.0, 104.22283818818215
246, 245, 0, 2504.24, 120.87920582134878
247, 246, 0, 2392.92, 130.7895775664101
248, 247, 0, 2646.8, 145.51041199859202
249, 248, 0, 2359.84, 121.39313983911939
250, 249, 0, 2476.28, 108.00241478781854
251, 250, 0, 2408.44, 118.8313359345926
252, 251, 0, 2335.16, 91.28885145514755
253, 252, 0, 2412.2, 123.70933675353692
254, 253, 0, 2500.96, 88.52817856479372
255, 254, 0, 2351.96, 132.61839389767923
256, 255, 0, 2497.52, 71.79421703730739
257, 256, 0, 2364.88, 121.95452267136302
258, 257, 0, 2468.8, 114.16619464622616
259, 258, 0, 2396.64, 118.38813454058646
260, 259, 0, 2367.84, 96.06193002433376
261, 260, 0, 2416.4, 107.22089348629774
262, 261, 0, 2457.68, 113.59109824277604
263, 262, 0, 2391.88, 103.17221331346924
264, 263, 0, 2351.04, 120.28249415438638
265, 264, 0, 2618.2, 129.75330438952219
266, 265, 0, 2430.0, 104.67779134085701
267, 266, 0, 2330.52, 120.01970504879604
268, 267, 0, 2428.28, 108.62468227801635
269, 268, 0, 2507.0, 93.63290020073073
270, 269, 0, 2395.68, 125.13695537290332
271, 270, 0, 2445.8, 115.68681860955465
272, 271, 0, 2678.44, 128.45484187059668
273, 272, 0, 2657.16, 151.26233635641094
274, 273, 0, 2414.6, 110.00399992727537
275, 274, 0, 2467.04, 110.82255366124714
276, 275, 0, 2702.4, 140.28627873031633
277, 276, 0, 2294.36, 121.737054342546
278, 277, 0, 2515.24, 114.15963559857747
279, 278, 0, 2363.6, 128.75216503034036
280, 279, 0, 2741.32, 156.17137253671044
281, 280, 0, 2404.8, 107.99629623278756
282, 281, 0, 2405.8, 118.97663636193451
283, 282, 0, 2479.88, 63.16918235975513
284, 283, 0, 2359.4, 124.32570128497164
285, 284, 0, 2394.2, 115.7044510811922
286, 285, 0, 2480.64, 114.07992987375124
287, 286, 0, 2383.48, 108.36535239641864
288, 287, 0, 2297.6, 122.88498687797464
289, 288, 0, 2620.28, 134.30101116521794
290, 289, 0, 2432.84, 119.39771522102086
291, 290, 0, 2367.12, 137.73287770173104
292, 291, 0, 2494.04, 74.56030042857928
293, 292, 0, 2353.4, 110.82238041117867
294, 293, 0, 2388.6, 106.12445524006236
295, 294, 0, 2462.84, 108.9648310235922
296, 295, 0, 2403.24, 105.90459102418555
297, 296, 0, 2350.76, 97.31486217428457
298, 297, 0, 2422.52, 115.49688134317739
299, 298, 0, 2611.12, 154.21836985262163
300, 299, 0, 2587.2, 195.23094017086535
301, 300, 0, 2440.08, 99.8750899874438
302, 301, 0, 2440.0, 85.43348289751508
303, 302, 0, 2472.4, 132.54191789769757
304, 303, 0, 2467.16, 94.03347489059414
305, 304, 0, 2439.64, 110.37604087844427
306, 305, 0, 2497.8, 128.1062059386664
307, 306, 0, 2555.6, 141.2954351704258
308, 307, 0, 2399.84, 116.06538846701886
309, 308, 0, 2381.16, 132.04262342137858
310, 309, 0, 2401.84, 81.52039254076247
311, 310, 0, 2397.68, 122.71486299548232
312, 311, 0, 2698.48, 134.13608612152066
313, 312, 0, 2379.4, 117.07331036577038
314, 313, 0, 2526.76, 89.54162384053572
315, 314, 0, 2397.24, 126.39439228067043
316, 315, 0, 2651.84, 150.1523706106567
317, 316, 0, 2408.2, 123.82794514971167
318, 317, 0, 2658.08, 129.39672947953517
319, 318, 0, 2479.24, 99.11217079652731
320, 319, 0, 2421.2, 103.15890654713242
321, 320, 0, 2368.4, 104.87897787450066
322, 321, 0, 2346.84, 114.20671784093963
323, 322, 0, 2368.64, 116.73864141748439
324, 323, 0, 2587.08, 179.03718496446487
325, 324, 0, 2383.6, 113.91224692718515
326, 325, 0, 2387.96, 120.67658596430377
327, 326, 0, 2745.4, 158.0569517610662
328, 327, 0, 2469.24, 101.56152027219758
329, 328, 0, 2549.92, 94.40081355581636
330, 329, 0, 2398.84, 112.4301311926656
331, 330, 0, 2428.52, 95.84617676256053
332, 331, 0, 2544.28, 182.60372832995498
333, 332, 0, 2428.88, 98.40216257786206
334, 333, 0, 2441.48, 86.7013817652291
335, 334, 0, 2636.28, 166.34891523541717
336, 335, 0, 2363.6, 121.58749935745863
337, 336, 0, 2392.48, 116.76613207604338
338, 337, 0, 2384.32, 107.2181775633218
339, 338, 0, 2460.92, 111.87239874070815
340, 339, 0, 2521.0, 137.34482152596797
341, 340, 0, 2468.76, 124.63395364025006
342, 341, 0, 2421.8, 112.06962121824094
343, 342, 0, 2402.92, 119.75973279863312
344, 343, 0, 2395.4, 92.98774112752714
345, 344, 0, 2370.28, 105.7175557795393
346, 345, 0, 2483.12, 105.37032599361167
347, 346, 0, 2396.6, 118.18257062697529
348, 347, 0, 2449.04, 115.52713274378448
349, 348, 0, 2527.64, 72.67620243243314
350, 349, 0, 2423.72, 103.01010435874726
351, 350, 0, 2808.52, 121.140288921564
352, 351, 0, 2317.04, 133.14337535153595
353, 352, 0, 2417.48, 112.47439530844343
354, 353, 0, 2357.84, 121.50018271591199
355, 354, 0, 2424.8, 114.80487794514656
356, 355, 0, 2457.88, 123.83999999999997
357, 356, 0, 2345.4, 114.97651934199435
358, 357, 0, 2428.92, 105.16041840920946
359, 358, 0, 2361.72, 115.17483058376948
360, 359, 0, 2635.96, 127.01574075680541
361, 360, 0, 2364.68, 118.90524630982436
362, 361, 0, 2604.56, 163.1536895077767
363, 362, 0, 2416.44, 117.6986253105787
364, 363, 0, 2433.28, 94.8040167925389
365, 364, 0, 2495.32, 84.92995702342019
366, 365, 0, 2659.28, 123.4534794973394
367, 366, 0, 2724.16, 140.12899200379627
368, 367, 0, 2341.4, 116.98375955661538
369, 368, 0, 2400.24, 123.14748231287557
370, 369, 0, 2374.12, 106.9576813510839
371, 370, 0, 2429.48, 123.66927508480026
372, 371, 0, 2479.6, 108.49147431941368
373, 372, 0, 2444.24, 100.76597838556424
374, 373, 0, 2483.88, 126.29182713065799
375, 374, 0, 2406.12, 108.32592302860844
376, 375, 0, 2668.52, 132.06274872196173
377, 376, 0, 2463.52, 149.7042738200884
378, 377, 0, 2365.4, 98.51172519045639
379, 378, 0, 2314.24, 134.89263286036044
380, 379, 0, 2425.8, 121.51806450071528
381, 380, 0, 2426.96, 102.20547147780299
382, 381, 0, 2567.72, 180.33025702859737
383, 382, 0, 2368.4, 122.61288676154722
384, 383, 0, 2671.76, 129.80825243411917
385, 384, 0, 2424.6, 124.20660207895553
386, 385, 0, 2479.76, 125.70164040297963
387, 386, 0, 2430.12, 117.62289573038065
388, 387, 0, 2370.56, 109.88105569205275
389, 388, 0, 2392.96, 115.97119642393969
390, 389, 0, 2466.48, 87.13856551493146
391, 390, 0, 2483.24, 91.13518749637814
392, 391, 0, 2534.8, 203.48896775992552
393, 392, 0, 2461.8, 111.3340918137836
394, 393, 0, 2408.52, 104.11306162052867
395, 394, 0, 2347.64, 133.62481206722052
396, 395, 0, 2468.68, 115.98714411519924
397, 396, 0, 2403.88, 129.4574277513654
398, 397, 0, 2330.84, 120.90249956059635
399, 398, 0, 2386.0, 113.53871586379688
400, 399, 0, 2707.96, 160.99477755504992
401, 400, 0, 2491.76, 105.61146907414934
402, 401, 0, 2390.84, 118.64659455711318
403, 402, 0, 2406.12, 109.22868487718782
404, 403, 0, 2418.36, 94.46264023411584
405, 404, 0, 2537.44, 160.2600586546754
406, 405, 0, 2424.36, 134.63963160971585
407, 406, 0, 2625.48, 176.06001703964475
408, 407, 0, 2686.6, 154.21050547871246
409, 408, 0, 2355.48, 118.29255936025731
410, 409, 0, 2479.36, 129.107979613965
411, 410, 0, 2423.76, 103.1923563060753
412, 411, 0, 2370.04, 111.99374268234811
413, 412, 0, 2408.76, 120.2278769670329
414, 413, 0, 2450.36, 86.8262080249967
415, 414, 0, 2523.64, 112.5980035346986
416, 415, 0, 2413.2, 106.57241669400202
417, 416, 0, 2487.32, 136.31719480681812
418, 417, 0, 2437.2, 125.86882060303894
419, 418, 0, 2361.32, 123.87177886831208
420, 419, 0, 2451.44, 97.69793447151277
421, 420, 0, 2430.2, 92.30947946987894
422, 421, 0, 2471.32, 117.17976617146836
423, 422, 0, 2386.68, 79.01631223994197
424, 423, 0, 2459.96, 110.39039088616362
425, 424, 0, 2355.08, 111.66017015928286
426, 425, 0, 2455.04, 108.59704600034019
427, 426, 0, 2328.48, 125.43878825945347
428, 427, 0, 2407.36, 99.23583223815879
429, 428, 0, 2410.56, 111.72898639117783
430, 429, 0, 2615.8, 142.3249802388885
431, 430, 0, 2711.16, 162.1978248929375
432, 431, 0, 2592.76, 126.54336173818048
433, 432, 0, 2426.8, 105.16767564228088
434, 433, 0, 2462.0, 102.44920692714024
435, 434, 0, 2725.08, 136.30434182372915
436, 435, 0, 2317.28, 121.88109615522825
437, 436, 0, 2419.88, 118.65591262132705
438, 437, 0, 2444.36, 131.62792408907768
439, 438, 0, 2396.76, 120.27910209175991
440, 439, 0, 2689.4, 163.7778983868092
441, 440, 0, 2333.92, 118.00980298263363
442, 441, 0, 2472.24, 112.91953949605002
443, 442, 0, 2527.32, 128.88249532034985
444, 443, 0, 2470.08, 100.85233561995477
445, 444, 0, 2245.92, 124.22299948077249
446, 445, 0, 2409.2, 102.38593653427212
447, 446, 0, 2380.52, 114.91183402939839
448, 447, 0, 2408.76, 97.86164928101304
449, 448, 0, 2413.04, 108.01425091162739
450, 449, 0, 2421.08, 107.95181147160059
451, 450, 0, 2396.92, 130.65708400236093
452, 451, 0, 2418.8, 103.43577717598488
453, 452, 0, 2438.0, 110.92844540513494
454, 453, 0, 2428.84, 137.76521476773445
455, 454, 0, 2416.32, 114.75250585499212
456, 455, 0, 2530.72, 160.13432361614423
457, 456, 0, 2450.0, 100.64233701579072
458, 457, 0, 2433.44, 122.35786202774221
459, 458, 0, 2398.08, 124.19304972501482
460, 459, 0, 2369.56, 118.8286430116914
461, 460, 0, 2506.32, 119.09113149181175
462, 461, 0, 2432.84, 105.45963398381392
463, 462, 0, 2382.84, 135.07706837209636
464, 463, 0, 2484.92, 54.73713182109563
465, 464, 0, 2690.08, 139.74402885275637
466, 465, 0, 2362.04, 121.88206758994532
467, 466, 0, 2320.36, 106.5810039359735
468, 467, 0, 2446.24, 116.04974105959909
469, 468, 0, 2473.88, 83.8915108935344
470, 469, 0, 2706.08, 133.95101194093309
471, 470, 0, 2417.84, 115.98850977575322
472, 471, 0, 2404.24, 134.0612636073523
473, 472, 0, 2595.36, 128.17671551416817
474, 473, 0, 2461.04, 111.50981302109693
475, 474, 0, 2452.12, 118.60769620897288
476, 475, 0, 2528.32, 72.85147630624928
477, 476, 0, 2494.32, 147.94531962857087
478, 477, 0, 2441.6, 110.53723354598668
479, 478, 0, 2421.6, 109.8875789159084
480, 479, 0, 2418.84, 57.231935141143
481, 480, 0, 2653.32, 148.99683755033195
482, 481, 0, 2427.6, 118.09826417013927
483, 482, 0, 2611.08, 156.0051076086934
484, 483, 0, 2632.2, 170.66130199901795
485, 484, 0, 2424.88, 100.62855260809428
486, 485, 0, 2416.08, 110.80213716350423
487, 486, 0, 2449.6, 107.76307345282986
488, 487, 0, 2507.2, 122.2610322220453
489, 488, 0, 2434.96, 107.32846034486845
490, 489, 0, 2464.32, 150.50520788331545
491, 490, 0, 2330.8, 90.22194854911969
492, 491, 0, 2366.56, 135.23522618016358
493, 492, 0, 2308.56, 117.88335930062395
494, 493, 0, 2435.32, 93.83420271947752
495, 494, 0, 2457.48, 104.88016781069717
496, 495, 0, 2439.92, 120.90224811805611
497, 496, 0, 2324.08, 114.0368080928259
498, 497, 0, 2655.8, 130.8278257864129
499, 498, 0, 2309.96, 128.0869954366953
500, 499, 0, 2483.96, 112.34677743486904
501, 500, 0, 2501.04, 131.23946967280844
502, 501, 0, 2516.64, 101.71799447492069
503, 502, 0, 2479.64, 101.53181964290802
504, 503, 0, 2714.2, 157.18040590353493
505, 504, 0, 2428.92, 92.99114796581446
506, 505, 0, 2415.84, 132.96486152363713
507, 506, 0, 2371.36, 108.05327574858616
508, 507, 0, 2403.76, 123.72720961857986
509, 508, 0, 2422.92, 103.57332475111534
510, 509, 0, 2419.88, 96.44576507032333
511, 510, 0, 2455.2, 88.55732606622672
512, 511, 0, 2425.08, 114.83550670415487
513, 512, 0, 2470.28, 111.57760348743828
514, 513, 0, 2560.12, 95.59009153672781
515, 514, 0, 2453.4, 134.42023657173053
516, 515, 0, 2466.36, 109.17651029411043
517, 516, 0, 2400.92, 127.28956595102363
518, 517, 0, 2511.36, 72.72352026682977
519, 518, 0, 2399.8, 98.62575728479858
520, 519, 0, 2403.56, 113.7017431704545
521, 520, 0, 2411.36, 117.6064215933807
522, 521, 0, 2464.76, 100.23503579088501
523, 522, 0, 2562.84, 95.83430700954642
524, 523, 0, 2458.84, 130.78094050739963
525, 524, 0, 2421.72, 112.42224690869683
526, 525, 0, 2457.56, 126.17419070475547
527, 526, 0, 2493.32, 95.01019734744264
528, 527, 0, 2463.2, 139.86450586192336
529, 528, 0, 2508.88, 121.31358374065123
530, 529, 0, 2426.84, 114.576325652379
531, 530, 0, 2463.68, 100.72486088349788
532, 531, 0, 2401.12, 74.21068386694735
533, 532, 0, 2476.68, 108.52897124731257
534, 533, 0, 2400.76, 103.06241992113323
535, 534, 0, 2741.24, 140.77678217660753
536, 535, 0, 2415.0, 118.47869006703273
537, 536, 0, 2611.88, 142.6100473318763
538, 537, 0, 2369.28, 127.296353443451
539, 538, 0, 2478.64, 109.65505186720765
540, 539, 0, 2584.52, 183.566036074215
541, 540, 0, 2476.08, 100.72772011715543
542, 541, 0, 2432.52, 136.02326859769252
543, 542, 0, 2693.48, 130.99652514475338
544, 543, 0, 2423.24, 121.553701712453
545, 544, 0, 2455.96, 88.8245371504969
546, 545, 0, 2386.28, 104.77309578322098
547, 546, 0, 2616.84, 129.8487366130298
548, 547, 0, 2653.48, 152.86310738696895
549, 548, 0, 2411.08, 140.50108042289213
550, 549, 0, 2430.0, 107.4337004854622
551, 550, 0, 2411.48, 123.00475437965802
552, 551, 0, 2454.56, 101.92156984662275
553, 552, 0, 2386.36, 122.32150424189525
554, 553, 0, 2361.48, 120.8026887117998
555, 554, 0, 2716.6, 135.23342782019543
556, 555, 0, 2633.68, 138.28137112424074
557, 556, 0, 2400.76, 115.52083102194166
558, 557, 0, 2700.68, 162.04881239922742
559, 558, 0, 2468.04, 107.90791629903713
560, 559, 0, 2690.76, 131.23575122656175
561, 560, 0, 2340.36, 115.10617012132757
562, 561, 0, 2429.76, 103.64681567708676
563, 562, 0, 2403.04, 119.78997620836228
564, 563, 0, 2672.08, 114.09186474065537
565, 564, 0, 2662.84, 134.05720569965644
566, 565, 0, 2478.24, 103.28728092074066
567, 566, 0, 2448.12, 118.1224178553758
568, 567, 0, 2551.24, 106.96252801799328
569, 568, 0, 2464.16, 118.52516357297296
570, 569, 0, 2715.64, 136.0290792441087
571, 570, 0, 2646.96, 121.89125645426746
572, 571, 0, 2666.6, 151.84149630453462
573, 572, 0, 2474.96, 154.91945778371417
574, 573, 0, 2476.0, 140.97687753670812
575, 574, 0, 2662.12, 152.69062053708475
576, 575, 0, 2429.72, 124.04628813471206
577, 576, 0, 2466.48, 81.87361968302122
578, 577, 0, 2486.88, 101.25584230058037
579, 578, 0, 2495.12, 127.52484306988971
580, 579, 0, 2521.88, 85.45797563715162
581, 580, 0, 2553.24, 152.09320300394756
582, 581, 0, 2375.68, 104.3466223698688
583, 582, 0, 2427.52, 102.09999804113613
584, 583, 0, 2435.64, 95.96702767096625
585, 584, 0, 2501.2, 100.88369541209323
586, 585, 0, 2462.68, 97.77350152265183
587, 586, 0, 2459.52, 119.16580717638763
588, 587, 0, 2709.32, 136.1736303400919
589, 588, 0, 2495.8, 127.06691150728422
590, 589, 0, 2423.52, 128.13590285318162
591, 590, 0, 2428.48, 94.22446391463312
592, 591, 0, 2399.84, 139.35901262566406
593, 592, 0, 2467.48, 109.35195288608247
594, 593, 0, 2370.28, 132.4693232412697
595, 594, 0, 2475.16, 111.08867809097379
596, 595, 0, 2688.24, 118.94680491715614
597, 596, 0, 2408.84, 117.76406242992809
598, 597, 0, 2515.4, 114.40489500017036
599, 598, 0, 2647.16, 136.9953809440304
600, 599, 0, 2498.04, 89.99754663322774
601, 600, 0, 2464.32, 141.7825715664658
602, 601, 0, 2450.84, 123.9434322584299
603, 602, 0, 2433.12, 94.68403033246946
604, 603, 0, 2378.84, 88.27714540015438
605, 604, 0, 2511.28, 114.87820332856883
606, 605, 0, 2455.44, 129.71663887104074
607, 606, 0, 2482.44, 101.92941871707109
608, 607, 0, 2729.84, 131.76332721967822
609, 608, 0, 2511.84, 162.92297075612143
610, 609, 0, 2335.52, 118.40949961890728
611, 610, 0, 2732.6, 126.98661346771951
612, 611, 0, 2484.12, 99.49686226208341
613, 612, 0, 2547.96, 27.560087082591018
614, 613, 0, 2440.08, 124.45912421353445
615, 614, 0, 2418.12, 117.93636250113875
616, 615, 0, 2381.36, 105.1261642028282
617, 616, 0, 2363.96, 134.4513235338351
618, 617, 0, 2476.64, 101.82450785542743
619, 618, 0, 2423.48, 105.98645951252453
620, 619, 0, 2486.76, 103.30470657235323
621, 620, 0, 2602.16, 162.32527344809864
622, 621, 0, 2457.68, 117.80041426073169
623, 622, 0, 2565.64, 131.1950852738013
624, 623, 0, 2455.08, 73.24966621084359
625, 624, 0, 2692.8, 135.65692020682172
626, 625, 0, 2425.24, 97.23879061362291
627, 626, 0, 2666.84, 133.3319706597034
628, 627, 0, 2482.2, 110.24808388357594
629, 628, 0, 2464.36, 91.09506243479939
630, 629, 0, 2504.68, 96.38992478469936
631, 630, 0, 2470.36, 123.1333845876089
632, 631, 0, 2511.92, 118.13176372170189
633, 632, 0, 2458.6, 111.93283700505405
634, 633, 0, 2454.76, 95.69421299117307
635, 634, 0, 2759.48, 158.7110884595024
636, 635, 0, 2398.36, 115.41434226299607
637, 636, 0, 2427.12, 103.58699532277205
638, 637, 0, 2645.28, 174.41227479738922
639, 638, 0, 2409.2, 118.15481369796154
640, 639, 0, 3428.44, 108.42733234752204
641, 0, 1, 2650.28, 78.1759656160383
642, 639, 1, 2507.92, 88.44339206520743
643, 0, 2, 2604.08, 32.18188310214303
644, 639, 2, 2490.6, 72.63993392067479
645, 0, 3, 2524.88, 102.8549736279194
646, 639, 3, 2485.84, 77.87152496259465
647, 0, 4, 2611.4, 78.27694424286122
648, 43, 4, 14954.2, 249.62115294982516
649, 639, 4, 2466.88, 59.05815439039726
650, 0, 5, 2546.56, 77.96618754306255
651, 167, 5, 16344.52, 188.51273060459343
652, 639, 5, 2534.2, 34.56935058689995
653, 0, 6, 2647.2, 74.57613559309708
654, 639, 6, 2444.44, 106.94412746850571
655, 0, 7, 2826.4, 120.59718072989932
656, 639, 7, 2429.44, 83.48704330613224
657, 0, 8, 2658.0, 74.24877103360028
658, 639, 8, 2431.16, 81.93445185024427
659, 0, 9, 2503.32, 104.92577185801397
660, 639, 9, 2635.32, 143.48817930408066
661, 0, 10, 2517.36, 112.80350349169126
662, 639, 10, 2459.72, 78.25063322427494
663, 0, 11, 2469.76, 122.24934519252035
664, 639, 11, 2504.48, 81.62897524776359
665, 0, 12, 2555.12, 78.70365684007318
666, 639, 12, 2426.52, 59.99474643666728
667, 0, 13, 2410.52, 135.46693175827082
668, 639, 13, 2404.0, 93.78827218794468
669, 0, 14, 2590.36, 29.143616796821902
670, 639, 14, 2601.72, 134.3120307344059
671, 0, 15, 2585.52, 75.91369836860802
672, 639, 15, 2447.0, 83.06575708437262
673, 0, 16, 2515.64, 110.23642955030792
674, 639, 16, 2376.6, 99.04463640197787
675, 0, 17, 2625.84, 30.457419457334215
676, 639, 17, 2458.56, 100.90592846805384
677, 0, 18, 2591.48, 26.59040428425262
678, 639, 18, 2657.88, 118.51457969380814
679, 0, 19, 2405.52, 132.33687921361903
680, 639, 19, 2554.12, 78.62382336162494
681, 0, 20, 2609.88, 83.42628842277476
682, 639, 20, 2461.8, 107.06185128233119
683, 0, 21, 2654.72, 77.52755381153206
684, 639, 21, 2632.52, 77.02057906819448
685, 0, 22, 2498.76, 114.71853555550646
686, 639, 22, 2439.4, 96.5683177859074
687, 0, 23, 2384.84, 128.97586751016644
688, 639, 23, 2612.4, 102.36718224118509
689, 0, 24, 2556.0, 59.80501651199504
690, 639, 24, 2453.16, 102.52089738194844
691, 0, 25, 2504.68, 106.39688717251083
692, 639, 25, 2674.6, 103.02271594167958
693, 0, 26, 2423.88, 136.75359446829907
694, 639, 26, 2497.72, 97.97735248515342
695, 0, 27, 2592.52, 37.67452189477657
696, 639, 27, 2466.04, 84.18716291691983
697, 0, 28, 2570.96, 83.29969027553466
698, 639, 28, 2524.92, 75.1722927680139
699, 0, 29, 2629.8, 32.94358814701277
700, 639, 29, 2463.28, 112.47844949144704
701, 0, 30, 2642.04, 75.63199323037838
702, 639, 30, 2589.2, 138.6477551206654
703, 0, 31, 2655.68, 80.6512095383572
704, 639, 31, 2540.36, 81.04610046140407
705, 0, 32, 2587.64, 34.06450351905925
706, 639, 32, 2462.56, 57.91378419685593
707, 0, 33, 2580.8, 26.859635142719256
708, 639, 33, 2488.4, 59.64696136434781
709, 0, 34, 2588.28, 75.8401054851587
710, 639, 34, 2577.64, 109.83364876029566
711, 0, 35, 2634.32, 20.508963893868465
712, 639, 35, 2429.8, 97.57499679733533
713, 0, 36, 2539.88, 91.51494741297729
714, 639, 36, 2623.4, 125.1952075760091
715, 0, 37, 2445.64, 128.1342670794975
716, 639, 37, 2698.16, 130.54399411692597
717, 0, 38, 2615.56, 79.25910925565591
718, 639, 38, 2515.0, 90.52380902282006
719, 0, 39, 2355.28, 119.40201673338687
720, 639, 39, 2417.44, 122.56462132279444
721, 0, 40, 2555.28, 60.17342935216506
722, 639, 40, 2497.36, 83.52239460168751
723, 0, 41, 2367.6, 121.12373838352251
724, 639, 41, 2455.88, 75.39353818464816
725, 0, 42, 2703.24, 33.41410480620423
726, 639, 42, 2554.32, 62.25028192707243
727, 0, 43, 2417.24, 137.22077976749733
728, 639, 43, 2568.36, 115.54250473310677
729, 0, 44, 2605.28, 29.56284154136743
730, 639, 44, 2604.24, 100.64840982350391
731, 0, 45, 2386.6, 132.808132281122
732, 639, 45, 2456.28, 86.67388072539502
733, 0, 46, 2646.44, 74.40058064289552
734, 639, 46, 2449.8, 109.37860851190236
735, 0, 47, 2402.88, 125.04217528498134
736, 639, 47, 2615.76, 109.65775120801992
737, 0, 48, 2622.2, 36.99621602272318
738, 639, 48, 2721.2, 103.47676067600881
739, 0, 49, 2387.84, 116.01092362359677
740, 639, 49, 2644.92, 116.67456278041071
741, 0, 50, 2594.0, 76.39214619317879
742, 639, 50, 2397.44, 115.16634230538017
743, 0, 51, 2470.76, 135.6130613178539
744, 639, 51, 2622.64, 94.70707682111194
745, 0, 52, 2389.6, 119.01865400011883
746, 639, 52, 2590.48, 140.85485295154015
747, 0, 53, 2427.08, 135.1473033397263
748, 431, 53, 2730.2, 132.91320476160374
749, 639, 53, 2470.64, 62.281220283485126
750, 0, 54, 2649.12, 30.38989305673844
751, 639, 54, 2678.56, 135.86760614657197
752, 0, 55, 2453.08, 120.87643939163662
753, 639, 55, 2574.12, 94.83093166261735
754, 0, 56, 2591.92, 80.3148404717335
755, 639, 56, 2517.4, 75.30152720894843
756, 0, 57, 2641.08, 26.820768072521712
757, 639, 57, 2456.28, 104.66270395895569
758, 0, 58, 2452.44, 137.98408024116407
759, 639, 58, 2665.24, 116.40731248508402
760, 0, 59, 2387.28, 122.45407955637901
761, 639, 59, 2620.36, 110.1572984418191
762, 0, 60, 2548.68, 87.9121015560429
763, 639, 60, 2633.04, 147.08785945821631
764, 0, 61, 2573.88, 70.74026858869
765, 639, 61, 2534.36, 120.2955959293606
766, 0, 62, 2446.88, 126.62679653217165
767, 639, 62, 2499.12, 74.51889424837167
768, 0, 63, 2588.52, 34.633070900513566
769, 639, 63, 2377.48, 84.17463751035702
770, 0, 64, 2460.8, 136.70054864557056
771, 639, 64, 2616.68, 108.14276489899821
772, 0, 65, 2562.36, 60.3084604346687
773, 639, 65, 2652.16, 147.83360375773836
774, 0, 66, 2484.12, 128.437788831792
775, 639, 66, 2567.24, 81.48044182501712
776, 0, 67, 2462.32, 126.53559815324698
777, 639, 67, 2470.56, 113.17034240471307
778, 0, 68, 2547.28, 88.22268189077003
779, 639, 68, 2687.72, 123.14496173209847
780, 0, 69, 2633.96, 28.19571598665301
781, 398, 69, 2667.52, 90.35358100263652
782, 639, 69, 2698.08, 120.61241063837504
783, 0, 70, 2443.8, 120.42425004956436
784, 639, 70, 2678.6, 118.34322963313109
785, 0, 71, 2627.76, 23.474718315668884
786, 639, 71, 2568.72, 132.66273629018812
787, 0, 72, 2638.36, 29.192985458839242
788, 639, 72, 2497.64, 108.48884919658795
789, 0, 73, 2566.04, 79.94672225926463
790, 639, 73, 2520.04, 57.03856940702493
791, 0, 74, 2490.36, 111.61966851769449
792, 639, 74, 2692.36, 129.58761669233675
793, 0, 75, 2379.76, 133.84447093548542
794, 639, 75, 2520.28, 55.79786375839132
795, 0, 76, 2521.24, 99.82315563034459
796, 639, 76, 2595.44, 79.57591595451477
797, 0, 77, 2489.52, 109.2842605318808
798, 639, 77, 2565.6, 102.58693873978305
799, 0, 78, 2458.56, 123.18866181593174
800, 639, 78, 2634.76, 118.61678801923443
801, 0, 79, 2623.76, 32.57272478623795
802, 639, 79, 2689.64, 133.9088884279158
803, 0, 80, 2616.2, 33.341865574679524
804, 639, 80, 2478.08, 52.89152673160418
805, 0, 81, 2560.76, 79.9851386196211
806, 13, 81, 16358.56, 119.73105862724185
807, 639, 81, 2569.64, 93.7353209841413
808, 0, 82, 2540.6, 76.72809133557278
809, 639, 82, 2686.76, 132.39887612816057
810, 0, 83, 2561.44, 72.23521578842275
811, 639, 83, 2490.04, 33.53026095931853
812, 0, 84, 2645.08, 36.49429544463078
813, 639, 84, 2622.2, 120.39235856149676
814, 0, 85, 2425.96, 134.38109390833222
815, 639, 85, 2632.32, 113.58687248093418
816, 0, 86, 2315.64, 125.00812133617559
817, 639, 86, 2528.48, 128.5401478138251
818, 0, 87, 2647.4, 32.80853547478156
819, 639, 87, 2607.88, 133.91081211015037
820, 0, 88, 2419.12, 134.73925040610845
821, 39, 88, 13377.0, 93.48582780293492
822, 639, 88, 2665.76, 98.7397711157971
823, 0, 89, 2445.8, 134.5635909152249
824, 639, 89, 2484.44, 78.04925624245243
825, 0, 90, 2667.84, 76.95072709208144
826, 639, 90, 2513.8, 89.8505425693134
827, 0, 91, 2585.0, 83.47215104452502
828, 639, 91, 2655.76, 124.17899339260245
829, 0, 92, 2514.64, 99.8298071720065
830, 639, 92, 2610.88, 87.11019228540366
831, 0, 93, 2594.4, 27.88691449407769
832, 639, 93, 2469.32, 85.59099018004173
833, 0, 94, 2604.68, 77.25475778228807
834, 639, 94, 2486.32, 35.18604268740661
835, 0, 95, 2596.28, 36.28610753442699
836, 639, 95, 2521.12, 77.03522311254768
837, 0, 96, 2620.96, 78.69458939469729
838, 639, 96, 2707.36, 97.01788701059202
839, 0, 97, 2591.8, 35.975547250875834
840, 223, 97, 2353.52, 33.761658727023466
841, 639, 97, 2661.24, 129.3334542954761
842, 0, 98, 2553.44, 88.31039802877122
843, 639, 98, 2667.8, 115.63321322180752
844, 0, 99, 2471.36, 122.2099439489275
845, 639, 99, 2679.84, 155.36323374595418
846, 0, 100, 2429.92, 134.7020178022586
847, 639, 100, 2526.04, 74.71036340428282
848, 0, 101, 2383.56, 130.51776277579998
849, 639, 101, 2561.44, 94.65392965957619
850, 0, 102, 2517.76, 98.82278279830011
851, 639, 102, 2575.44, 107.30855697473525
852, 0, 103, 2411.72, 136.45937710542285
853, 639, 103, 2637.72, 124.22705663421316
854, 0, 104, 2603.6, 69.81289279209106
855, 639, 104, 2639.6, 92.07822761109165
856, 0, 105, 2583.6, 74.89192212782365
857, 639, 105, 2475.28, 92.6298094567834
858, 0, 106, 2546.76, 105.17957216113781
859, 639, 106, 2637.88, 113.25840189584171
860, 0, 107, 2580.44, 29.234335976724356
861, 639, 107, 2426.72, 76.09179719260152
862, 0, 108, 2527.44, 88.7306395784455
863, 639, 108, 2598.76, 94.73300586384875
864, 0, 109, 2580.52, 85.04122294511058
865, 639, 109, 2698.72, 132.46509577998273
866, 0, 110, 2565.68, 69.34419658486209
867, 639, 110, 2579.44, 79.8048018605397
868, 0, 111, 2396.08, 131.53126472439925
869, 639, 111, 2643.76, 77.63930963113981
870, 0, 112, 2363.96, 120.57212944955398
871, 639, 112, 2536.48, 57.98421854263451
872, 0, 113, 2468.2, 132.06331814701613
873, 639, 113, 2686.24, 101.97500870311313
874, 0, 114, 2567.92, 28.51795224065007
875, 639, 114, 2614.8, 77.54946808328216
876, 0, 115, 2543.0, 77.9584504720303
877, 639, 115, 2549.84, 97.02852364124686
878, 0, 116, 2562.56, 89.80382174495695
879, 639, 116, 2488.12, 100.91910423700756
880, 0, 117, 2403.44, 123.09088674633878
881, 639, 117, 2661.32, 128.30517370706454
882, 0, 118, 2599.76, 76.17048247188669
883, 639, 118, 2605.12, 101.63870129040414
884, 0, 119, 2424.96, 124.24153250825586
885, 639, 119, 2605.04, 118.46197026894329
886, 0, 120, 2599.0, 67.3367655890896
887, 639, 120, 2479.68, 83.66204396259992
888, 0, 121, 2496.56, 123.79889498699087
889, 140, 121, 2161.0, 104.23511884197187
890, 639, 121, 2688.08, 128.4784557815045
891, 0, 122, 2427.8, 129.55925285366538
892, 639, 122, 2572.96, 78.54551801344239
893, 0, 123, 2404.0, 122.61549657363868
894, 639, 123, 2535.52, 93.14681744429059
895, 0, 124, 2580.32, 78.5853523247176
896, 639, 124, 2499.36, 58.58865419174603
897, 0, 125, 2504.28, 117.97135923604509
898, 639, 125, 2491.92, 99.41586191347938
899, 0, 126, 2417.88, 135.44129946216552
900, 227, 126, 2038.56, 74.42799473316475
901, 639, 126, 2535.56, 59.38355327866463
902, 0, 127, 2564.6, 61.28686645603608
903, 639, 127, 2475.08, 102.49874926066173
904, 0, 128, 2446.24, 129.53371144223422
905, 639, 128, 2641.4, 124.08448734632384
906, 0, 129, 2362.32, 117.52334916943101
907, 639, 129, 2639.6, 128.46478116588997
908, 0, 130, 2626.92, 74.23903016607909
909, 639, 130, 2440.04, 77.81952454236662
910, 0, 131, 2486.12, 128.86126493248466
911, 639, 131, 2681.0, 131.54588553048703
912, 0, 132, 2627.36, 34.143087148059706
913, 639, 132, 2665.76, 120.24783740259113
914, 0, 133, 2586.2, 76.5825045294289
915, 639, 133, 2481.32, 113.10834451975678
916, 0, 134, 2517.88, 99.68764015664128
917, 639, 134, 2610.24, 101.34625005396104
918, 0, 135, 2688.96, 29.97396203373856
919, 639, 135, 2536.52, 56.97235820992491
920, 0, 136, 2359.12, 133.36575872389432
921, 639, 136, 2440.44, 91.3288913761686
922, 0, 137, 2491.36, 110.90856774839354
923, 639, 137, 2633.04, 59.94229224846178
924, 0, 138, 2590.96, 30.25951751102453
925, 639, 138, 2532.32, 58.07010935068058
926, 0, 139, 2585.2, 77.78020313678795
927, 639, 139, 2714.72, 128.8706390144784
928, 0, 140, 2640.2, 33.34066586017741
929, 639, 140, 2516.8, 104.32871129272132
930, 0, 141, 2494.52, 120.39405965412081
931, 639, 141, 2510.44, 54.985147085372056
932, 0, 142, 2425.36, 125.75623404030513
933, 556, 142, 5341.2, 149.75446570970766
934, 639, 142, 2710.32, 116.69711907326592
935, 0, 143, 2598.48, 74.84764258144675
936, 639, 143, 2432.64, 95.97327961469277
937, 0, 144, 2629.68, 33.45052465956252
938, 639, 144, 2661.44, 150.73528584906722
939, 0, 145, 2429.92, 135.03804500954536
940, 639, 145, 2630.4, 113.9199719101089
941, 0, 146, 2403.88, 141.42597215504657
942, 639, 146, 2530.32, 104.4290074644014
943, 0, 147, 2611.92, 24.524143206236587
944, 639, 147, 2679.68, 124.62703398540785
945, 0, 148, 2596.12, 78.13235949336229
946, 639, 148, 2628.88, 95.62398025600064
947, 0, 149, 2618.76, 73.9363401853243
948, 639, 149, 2504.2, 86.5974595470329
949, 0, 150, 2667.08, 76.60648536514387
950, 639, 150, 2643.36, 147.3846342058764
951, 0, 151, 2581.08, 75.44371146755705
952, 639, 151, 2611.4, 121.54274968092503
953, 0, 152, 2575.72, 25.332224537138455
954, 29, 152, 2135.68, 105.97725038893961
955, 639, 152, 2607.8, 55.81970978068589
956, 0, 153, 2657.32, 28.638044625986602
957, 639, 153, 2595.92, 121.9845629577776
958, 0, 154, 2572.12, 83.33562023528717
959, 639, 154, 2550.08, 80.3770713574462
960, 0, 155, 2582.52, 30.42777678372181
961, 639, 155, 2648.32, 117.61282923218877
962, 0, 156, 2598.08, 77.70092406142929
963, 639, 156, 2541.2, 58.85167797098057
964, 0, 157, 2395.16, 122.18663756728884
965, 639, 157, 2734.2, 137.81843127825826
966, 0, 158, 2625.72, 80.8418307561129
967, 639, 158, 2744.56, 127.247814912477
968, 0, 159, 2574.4, 28.941319942255575
969, 639, 159, 2648.36, 131.24538239496277
970, 0, 160, 2558.68, 61.36234676085979
971, 639, 160, 2712.76, 122.93617205688487
972, 0, 161, 2575.44, 75.39447194589269
973, 131, 161, 499.88, 11.967689835553056
974, 639, 161, 2720.08, 127.29836448281651
975, 0, 162, 2530.48, 90.51502416726187
976, 437, 162, 2206.44, 146.5529474285659
977, 639, 162, 2602.8, 134.83946009977942
978, 0, 163, 2599.0, 79.87089582570111
979, 639, 163, 2451.72, 86.95356001912745
980, 0, 164, 2592.88, 79.37824387072315
981, 639, 164, 2476.24, 101.90280859721189
982, 0, 165, 2551.96, 88.99909213020096
983, 639, 165, 2481.84, 100.72285937164413
984, 0, 166, 2609.92, 70.07705473262985
985, 639, 166, 2654.08, 118.50803179531756
986, 0, 167, 2412.4, 127.03857681822481
987, 639, 167, 2631.32, 87.38270767148384
988, 0, 168, 2602.76, 34.29318299604165
989, 639, 168, 2701.72, 122.75162565114974
990, 0, 169, 2604.6, 76.4994117624443
991, 639, 169, 2495.4, 85.32010314105347
992, 0, 170, 2529.96, 90.63839363095532
993, 639, 170, 2613.8, 134.1202445568901
994, 0, 171, 2638.24, 74.3210764184696
995, 639, 171, 2640.32, 92.46306073238112
996, 0, 172, 2617.4, 33.15539171839175
997, 639, 172, 2768.48, 135.62068278843017
998, 0, 173, 2642.24, 77.55992779780031
999, 639, 173, 2558.52, 122.58388801143484
1000, 0, 174, 2665.76, 34.26751231122563
1001, 639, 174, 2593.32, 119.36020107221668
1002, 0, 175, 2619.0, 33.63569532505608
1003, 639, 175, 2451.36, 89.63342233787574
1004, 0, 176, 2595.92, 77.99226628326683
1005, 639, 176, 2565.56, 96.35936072847308
1006, 0, 177, 2503.32, 106.5013502261826
1007, 639, 177, 2666.56, 127.20096854977164
1008, 0, 178, 2544.08, 92.74305149174249
1009, 639, 178, 2391.96, 76.89186172801385
1010, 0, 179, 2592.24, 78.82348888497641
1011, 639, 179, 2663.0, 106.60393988966824
1012, 0, 180, 2582.8, 75.98315602816193
1013, 639, 180, 2511.44, 71.92333696374217
1014, 0, 181, 2353.08, 127.71152493021137
1015, 639, 181, 2587.04, 113.4825026160421
1016, 0, 182, 2533.0, 91.14296462152194
1017, 639, 182, 2591.72, 94.34935929830155
1018, 0, 183, 2501.96, 107.77921135358156
1019, 639, 183, 2659.88, 126.17870501792288
1020, 0, 184, 2552.6, 77.69324294943543
1021, 639, 184, 2554.04, 62.48102431938836
1022, 0, 185, 2565.72, 73.89804868871708
1023, 639, 185, 2603.72, 88.34275069296856
1024, 0, 186, 2582.56, 74.42047030219577
1025, 639, 186, 2582.28, 78.30479934205822
1026, 0, 187, 2594.76, 32.79058401431728
1027, 639, 187, 2605.44, 133.51916117172095
1028, 0, 188, 2430.12, 133.86002241147278
1029, 554, 188, 354.64, 99.58910783815668
1030, 639, 188, 2489.48, 60.97154746273051
1031, 0, 189, 2585.08, 29.921122973578363
1032, 639, 189, 2487.24, 115.5218697909621
1033, 0, 190, 2496.36, 125.58913328787645
1034, 639, 190, 2537.64, 82.77046816346999
1035, 0, 191, 2486.0, 129.68176433099606
1036, 639, 191, 2559.36, 142.62703250085517
1037, 0, 192, 2713.24, 32.101439220072365
1038, 389, 192, 2139.16, 120.06887356846485
1039, 639, 192, 2467.04, 83.95354906137082
1040, 0, 193, 2546.16, 86.60608754585324
1041, 639, 193, 2493.68, 102.10258370873873
1042, 0, 194, 2595.0, 78.42244576650234
1043, 639, 194, 2494.84, 128.08049968672046
1044, 0, 195, 2642.92, 74.69453527534661
1045, 639, 195, 2650.8, 140.4919926543858
1046, 0, 196, 2399.92, 121.24517969799872
1047, 639, 196, 2511.8, 72.41381083743626
1048, 0, 197, 2640.72, 23.945805478204317
1049, 639, 197, 2574.48, 62.224188222908936
1050, 0, 198, 2312.08, 123.60256308022095
1051, 639, 198, 2584.56, 106.08904938776669
1052, 0, 199, 2444.16, 138.56830229168577
1053, 639, 199, 2647.84, 128.08549644670939
1054, 0, 200, 2477.32, 118.71536379087586
1055, 639, 200, 2521.52, 58.28284138578009
1056, 0, 201, 2476.8, 130.35950291405686
1057, 639, 201, 2608.68, 95.73994777521033
1058, 0, 202, 2590.32, 26.74729145165918
1059, 639, 202, 2724.48, 119.90199998331971
1060, 0, 203, 2593.36, 76.24165790432419
1061, 639, 203, 2629.64, 116.68449082890149
1062, 0, 204, 2595.28, 34.29346293391788
1063, 639, 204, 2507.64, 107.44259118245428
1064, 0, 205, 2575.52, 24.219198995837985
1065, 639, 205, 2608.36, 112.28958277596368
1066, 0, 206, 2583.44, 77.7159340161334
1067, 639, 206, 2436.76, 93.96394202033032
1068, 0, 207, 2643.04, 31.92676620016503
1069, 639, 207, 2464.48, 112.50497588995786
1070, 0, 208, 2576.68, 74.41221405118921
1071, 639, 208, 2581.56, 92.00220866914012
1072, 0, 209, 2567.6, 73.5108155307775
1073, 639, 209, 2403.8, 107.65983466455818
1074, 0, 210, 2474.84, 134.2101873927609
1075, 639, 210, 2704.88, 137.46485223503498
1076, 0, 211, 2597.36, 29.780369373128995
1077, 639, 211, 2415.92, 33.676009264756985
1078, 0, 212, 2636.88, 29.58015551007127
1079, 639, 212, 2499.8, 73.14697533049471
1080, 0, 213, 2454.52, 122.71662316084159
1081, 639, 213, 2534.48, 93.94301251290592
1082, 0, 214, 2538.64, 100.84557699770477
1083, 639, 214, 2538.12, 81.7871970420799
1084, 0, 215, 2656.28, 74.47228746318997
1085, 639, 215, 2483.96, 82.51810952754552
1086, 0, 216, 2625.16, 72.49699579982604
1087, 639, 216, 2490.64, 96.75696564072273
1088, 0, 217, 2378.92, 122.6908048714328
1089, 639, 217, 2689.4, 127.32666649213746
1090, 0, 218, 2403.56, 131.4832552076499
1091, 639, 218, 2389.44, 71.81870508439985
1092, 0, 219, 2621.64, 31.93227834026254
1093, 639, 219, 2428.48, 121.49473074993828
1094, 0, 220, 2449.8, 121.38204150532319
1095, 639, 220, 2460.12, 89.26603833485612
1096, 0, 221, 2523.72, 109.08181149944294
1097, 187, 221, 2154.16, 105.39968880409465
1098, 639, 221, 2467.84, 93.51520945814107
1099, 0, 222, 2377.48, 121.85569170129068
1100, 490, 222, 2250.24, 98.8596095480859
1101, 639, 222, 2733.32, 135.08625984903128
1102, 0, 223, 2611.12, 79.33741614143983
1103, 639, 223, 2576.0, 114.63437529816264
1104, 0, 224, 2628.76, 26.536435329561506
1105, 639, 224, 2442.88, 80.01115922169856
1106, 0, 225, 2583.2, 77.65771049934449
1107, 639, 225, 2466.48, 111.16622508657923
1108, 0, 226, 2618.28, 69.82694035972075
1109, 639, 226, 2554.24, 99.14001412144341
1110, 0, 227, 2666.56, 32.13730542531529
1111, 639, 227, 2565.96, 108.84869498528678
1112, 0, 228, 2665.4, 30.446017802004917
1113, 639, 228, 2487.48, 73.92056276842052
1114, 0, 229, 2386.44, 128.11559780136062
1115, 639, 229, 2712.08, 129.13804087099973
1116, 0, 230, 2414.08, 124.35334173233946
1117, 639, 230, 2439.08, 95.71997492686677
1118, 0, 231, 2446.48, 137.7078414615522
1119, 639, 231, 2494.04, 99.10377591191973
1120, 0, 232, 2345.36, 122.16836906499161
1121, 639, 232, 2482.64, 109.71522410312983
1122, 0, 233, 2592.08, 76.68789735023381
1123, 639, 233, 2622.0, 113.73055877819294
1124, 0, 234, 2611.68, 30.678617961049028
1125, 639, 234, 2689.52, 119.55220449661311
1126, 0, 235, 2448.2, 135.32420330450867
1127, 639, 235, 2489.0, 102.17201182319941
1128, 0, 236, 2583.36, 74.8817093821983
1129, 639, 236, 2567.2, 62.053525282613876
1130, 0, 237, 2726.12, 40.174937461058974
1131, 639, 237, 2486.24, 98.77824861780046
1132, 0, 238, 2576.48, 74.21273206128448
1133, 639, 238, 2652.28, 104.64473995380752
1134, 0, 239, 2521.36, 98.47715674205872
1135, 639, 239, 2483.4, 77.78791679946185
1136, 0, 240, 2667.32, 78.09057305462677
1137, 639, 240, 2517.92, 92.9464017592935
1138, 0, 241, 2682.0, 32.25895224584953
1139, 639, 241, 2520.32, 62.073324383345216
1140, 0, 242, 2617.4, 27.263161958951134
1141, 639, 242, 2392.24, 39.01105484346712
1142, 0, 243, 2473.32, 124.48798174924357
1143, 639, 243, 2704.04, 123.0731424803966
1144, 0, 244, 2565.96, 72.53715186027091
1145, 639, 244, 2520.0, 70.88243788132573
1146, 0, 245, 2587.52, 74.9117454075127
1147, 639, 245, 2692.32, 112.42338546761522
1148, 0, 246, 2432.72, 128.24898284197033
1149, 639, 246, 2517.6, 75.81820361891992
1150, 0, 247, 2492.44, 113.35822158096869
1151, 639, 247, 2562.44, 120.53151621049162
1152, 0, 248, 2614.88, 71.00496884021567
1153, 639, 248, 2459.08, 82.96260362356043
1154, 0, 249, 2560.92, 60.307160437215074
1155, 639, 249, 2413.52, 83.89522990015581
1156, 0, 250, 2424.96, 125.04990363850747
1157, 639, 250, 2520.84, 73.53675543563233
1158, 0, 251, 2629.24, 76.16470573697505
1159, 639, 251, 2704.84, 125.841068018354
1160, 0, 252, 2577.52, 64.33917624589236
1161, 639, 252, 2684.2, 100.49756215948723
1162, 0, 253, 2520.6, 112.22334872921945
1163, 639, 253, 2347.88, 102.54104348991187
1164, 0, 254, 2590.92, 31.15242526674286
1165, 639, 254, 2523.12, 129.50500221999147
1166, 0, 255, 2633.12, 73.96286635873437
1167, 639, 255, 2521.88, 116.11729242451358
1168, 0, 256, 2648.08, 76.72596431456563
1169, 639, 256, 2459.6, 71.42548564763142
1170, 0, 257, 2520.68, 98.11288192689071
1171, 639, 257, 2554.56, 108.80370581924129
1172, 0, 258, 2596.48, 36.9757974897094
1173, 639, 258, 2513.08, 85.19010271152395
1174, 0, 259, 2550.64, 87.6328157712623
1175, 639, 259, 2680.96, 119.00537130734898
1176, 0, 260, 2394.76, 122.36969559494703
1177, 639, 260, 2674.64, 112.55963041872518
1178, 0, 261, 2390.44, 129.57224394136267
1179, 639, 261, 2431.0, 85.9181005376632
1180, 0, 262, 2664.76, 35.363574479964555
1181, 639, 262, 2441.68, 101.7088865340684
1182, 0, 263, 2603.88, 76.82255918673889
1183, 639, 263, 2677.24, 128.10972796786356
1184, 0, 264, 2472.32, 123.4373428100265
1185, 639, 264, 2474.24, 106.68093737870885
1186, 0, 265, 2442.68, 136.84581688893527
1187, 639, 265, 2495.56, 85.77089483035607
1188, 0, 266, 2617.16, 73.14297232133787
1189, 639, 266, 2666.84, 159.40807507777012
1190, 0, 267, 2615.48, 32.7061095210054
1191, 639, 267, 2514.12, 103.32717745104624
1192, 0, 268, 2454.36, 136.11873640318586
1193, 639, 268, 2487.12, 77.02795336759246
1194, 0, 269, 2421.04, 136.4030732791604
1195, 639, 269, 2724.84, 101.91120841202896
1196, 0, 270, 2438.28, 137.8946032301482
1197, 639, 270, 2532.96, 86.45575978499062
1198, 0, 271, 2446.8, 135.15087865049193
1199, 639, 271, 2469.2, 62.15528939680033
1200, 0, 272, 2467.68, 121.12727851314088
1201, 131, 272, 2028.16, 51.80708831810566
1202, 639, 272, 2498.0, 105.53028001479007
1203, 0, 273, 2626.72, 32.10423025085633
1204, 412, 273, 4486.68, 86.38320207077298
1205, 639, 273, 2448.88, 86.86417903831244
1206, 0, 274, 2604.64, 77.98044883174244
1207, 411, 274, 4835.4, 185.655810574299
1208, 412, 274, 16311.32, 114.94371492169547
1209, 413, 274, 16383.0, 0.0
1210, 414, 274, 2026.64, 18.975521073214303
1211, 639, 274, 2735.08, 136.18808171055204
1212, 0, 275, 2584.4, 33.875064575584204
1213, 412, 275, 16383.0, 0.0
1214, 639, 275, 2563.64, 118.51341864953523
1215, 0, 276, 2577.56, 73.34634551223394
1216, 639, 276, 2452.12, 114.02256618757536
1217, 0, 277, 2646.56, 35.95450458565657
1218, 639, 277, 2536.08, 56.262186235517014
1219, 0, 278, 2640.6, 77.39405661935547
1220, 639, 278, 2570.88, 107.52165177302662
1221, 0, 279, 2565.64, 27.8508599508166
1222, 639, 279, 2577.64, 126.62223501423436
1223, 0, 280, 2634.48, 34.72073731936003
1224, 178, 280, 2148.52, 105.61178722093476
1225, 639, 280, 2537.48, 96.7603720538527
1226, 0, 281, 2581.08, 74.61791741934373
1227, 639, 281, 2560.52, 132.83105660951432
1228, 0, 282, 2619.84, 30.982162610121343
1229, 639, 282, 2770.92, 135.93378388024075
1230, 0, 283, 2571.96, 72.32840659104829
1231, 639, 283, 2446.32, 85.06549006500815
1232, 0, 284, 2628.76, 72.62411720633852
1233, 639, 284, 2684.2, 128.6648359109823
1234, 0, 285, 2666.56, 77.9020307822588
1235, 639, 285, 2677.96, 157.0134975089721
1236, 0, 286, 2667.44, 34.16206082776623
1237, 639, 286, 2614.28, 102.25752588440618
1238, 0, 287, 2644.8, 27.514359887157102
1239, 639, 287, 2535.28, 130.82981923093834
1240, 0, 288, 2704.52, 33.931837557079035
1241, 639, 288, 2479.68, 98.09249512577401
1242, 0, 289, 2643.0, 73.80243898408779
1243, 639, 289, 2662.2, 125.30634461191502
1244, 0, 290, 2442.92, 134.64320851791967
1245, 639, 290, 2652.44, 98.98851650570384
1246, 0, 291, 2543.92, 93.32006000855336
1247, 639, 291, 2596.92, 128.1611235905803
1248, 0, 292, 2520.24, 100.67662290720722
1249, 639, 292, 2626.92, 101.79505685444653
1250, 0, 293, 2733.92, 34.19581260914848
1251, 639, 293, 2690.76, 120.51465637008637
1252, 0, 294, 2638.0, 29.720026917888212
1253, 639, 294, 2450.2, 101.81866233652845
1254, 0, 295, 2552.48, 89.3488086098522
1255, 639, 295, 2495.6, 68.30929658545753
1256, 0, 296, 2581.84, 75.98825172353948
1257, 639, 296, 2680.72, 135.29124731482077
1258, 0, 297, 2532.6, 90.26228448250133
1259, 639, 297, 2482.8, 102.9842706436279
1260, 0, 298, 2573.88, 74.03475940394485
1261, 639, 298, 2575.56, 133.20723103495547
1262, 0, 299, 2527.56, 103.50887111740712
1263, 639, 299, 2469.72, 91.57620651675849
1264, 0, 300, 2389.08, 127.69022515447296
1265, 639, 300, 2468.88, 79.74876550768668
1266, 0, 301, 2407.4, 133.05968585563397
1267, 639, 301, 2570.36, 150.45049152462082
1268, 0, 302, 2686.8, 32.71941319767212
1269, 639, 302, 2676.84, 97.20398345746948
1270, 0, 303, 2400.36, 118.13953783556121
1271, 639, 303, 2496.68, 96.74201569121867
1272, 0, 304, 2623.92, 82.65877811823741
1273, 639, 304, 2562.04, 94.41460903906768
1274, 0, 305, 2610.44, 32.52701031450632
1275, 378, 305, 2027.68, 52.78690746766663
1276, 639, 305, 2511.0, 105.29577389430214
1277, 0, 306, 2594.76, 78.49702159954863
1278, 639, 306, 2492.36, 110.78298786366072
1279, 0, 307, 2689.32, 35.523198054229304
1280, 639, 307, 2517.92, 77.26780442072882
1281, 0, 308, 2478.64, 137.35061121087156
1282, 639, 308, 2449.96, 82.81375731121007
1283, 0, 309, 2335.44, 123.90708777144268
1284, 639, 309, 2383.76, 103.19429441592204
1285, 0, 310, 2523.08, 99.84584918763524
1286, 639, 310, 2595.84, 91.23274850622444
1287, 0, 311, 2647.68, 76.90186993825311
1288, 639, 311, 2570.08, 109.29919304368173
1289, 0, 312, 2419.96, 126.32512972484929
1290, 639, 312, 2655.92, 127.23581885616959
1291, 0, 313, 2590.48, 76.282695285366
1292, 639, 313, 2592.68, 104.90861547079915
1293, 0, 314, 2575.44, 26.231401030063186
1294, 639, 314, 2468.04, 92.90704171374742
1295, 0, 315, 2580.0, 75.82875444051551
1296, 639, 315, 2565.48, 133.2888952613833
1297, 0, 316, 2384.28, 125.46824937010958
1298, 639, 316, 2516.0, 57.82594573372752
1299, 0, 317, 2683.84, 31.09042296270671
1300, 639, 317, 2671.92, 103.46938484402042
1301, 0, 318, 2568.24, 26.631229787600876
1302, 639, 318, 2558.28, 63.008900958515376
1303, 0, 319, 2680.04, 27.218346753614558
1304, 639, 319, 2554.76, 62.24035989613169
1305, 0, 320, 2347.48, 119.23594089032048
1306, 639, 320, 2415.56, 92.20545753912833
1307, 0, 321, 2455.88, 136.61810128969
1308, 639, 321, 2447.6, 83.67317371774541
1309, 0, 322, 2626.32, 28.721726967576313
1310, 639, 322, 2510.28, 117.59201333423967
1311, 0, 323, 2608.4, 79.02607164727348
1312, 639, 323, 2412.16, 90.91652435063715
1313, 0, 324, 2684.08, 32.60174228473071
1314, 639, 324, 2683.48, 110.98508728653594
1315, 0, 325, 2587.36, 27.24977798074692
1316, 639, 325, 2614.84, 131.51233554309647
1317, 0, 326, 2571.84, 73.30903354976108
1318, 639, 326, 2474.88, 90.6158131895311
1319, 0, 327, 2466.6, 114.04806004487757
1320, 639, 327, 2593.16, 137.43527349265182
1321, 0, 328, 2577.88, 73.62408301636088
1322, 639, 328, 2512.52, 144.71962410122546
1323, 0, 329, 2569.72, 81.78778392889734
1324, 639, 329, 2524.4, 121.34282014194329
1325, 0, 330, 2642.0, 77.13313166208151
1326, 367, 330, 2168.8, 121.51411440651658
1327, 639, 330, 2508.36, 96.03036186540172
1328, 0, 331, 2683.24, 29.153771625640484
1329, 639, 331, 2448.48, 87.15967875112895
1330, 0, 332, 2456.08, 125.25874660078632
1331, 639, 332, 2665.96, 116.67578326285195
1332, 0, 333, 2496.6, 115.14269407999797
1333, 639, 333, 2658.32, 128.12547599911582
1334, 0, 334, 2651.48, 78.30817071034159
1335, 639, 334, 2503.12, 39.941276894961675
1336, 0, 335, 2598.2, 35.274920269222434
1337, 639, 335, 2645.32, 106.3126408288309
1338, 0, 336, 2581.28, 73.75284130120005
1339, 639, 336, 2490.84, 85.85833914070315
1340, 0, 337, 2640.48, 37.84190270057783
1341, 639, 337, 2475.96, 53.861659833317425
1342, 0, 338, 2616.0, 79.0544116416029
1343, 639, 338, 2559.48, 95.30125707460527
1344, 0, 339, 2572.96, 34.1074537308196
1345, 639, 339, 2607.76, 136.03007902666232
1346, 0, 340, 2618.36, 34.53563956263152
1347, 639, 340, 2513.12, 59.45103531478657
1348, 0, 341, 2701.52, 116.0800137835967
1349, 639, 341, 2515.12, 123.40156238881255
1350, 0, 342, 2623.44, 21.490611903805803
1351, 639, 342, 2405.08, 89.39884563013105
1352, 0, 343, 2339.56, 139.1086136801025
1353, 639, 343, 2544.92, 55.654591903992994
1354, 0, 344, 2585.48, 26.060115118701983
1355, 639, 344, 2444.04, 84.81909219037894
1356, 0, 345, 2610.6, 70.80056496949724
1357, 639, 345, 2678.0, 148.45066520565004
1358, 0, 346, 2351.56, 128.70216159800887
1359, 639, 346, 2690.76, 118.90879866519552
1360, 0, 347, 2638.24, 25.3744438362696
1361, 639, 347, 2604.56, 109.64928818738404
1362, 0, 348, 2666.4, 32.76095236710924
1363, 639, 348, 2487.24, 81.1291710792117
1364, 0, 349, 2608.32, 76.96062369809641
1365, 639, 349, 2496.44, 37.21513670537837
1366, 0, 350, 2604.56, 74.95122680783818
1367, 639, 350, 2510.0, 89.83807655999766
1368, 0, 351, 2621.52, 80.48260433161937
1369, 639, 351, 2652.44, 112.00717119899065
1370, 0, 352, 2601.56, 30.10259789453395
1371, 639, 352, 2566.76, 141.33429307850236
1372, 0, 353, 2455.68, 135.68337259959307
1373, 639, 353, 2510.08, 85.75589542416311
1374, 0, 354, 2662.88, 34.78312234403346
1375, 639, 354, 2472.32, 109.80153732985708
1376, 0, 355, 2431.88, 113.83402654742562
1377, 639, 355, 2454.6, 74.36934852477869
1378, 0, 356, 2646.32, 77.70905738715405
1379, 639, 356, 2741.08, 141.30616971668294
1380, 0, 357, 2614.4, 30.983866769659343
1381, 639, 357, 2685.92, 156.807887556717
1382, 0, 358, 2592.0, 79.29287483752874
1383, 639, 358, 2523.4, 40.81764324406788
1384, 0, 359, 2376.84, 143.27112200300522
1385, 639, 359, 2536.6, 135.05139762327525
1386, 0, 360, 2547.88, 95.41250232542903
1387, 639, 360, 2658.16, 145.7407780959056
1388, 0, 361, 2600.44, 34.15269242680582
1389, 639, 361, 2481.28, 68.74970254481106
1390, 0, 362, 2692.0, 30.945112699746304
1391, 639, 362, 2475.6, 31.052214091751985
1392, 0, 363, 2624.08, 30.981181384834223
1393, 639, 363, 2636.68, 116.72590800674887
1394, 0, 364, 2643.44, 74.80111229119524
1395, 639, 364, 2571.24, 77.60684505892503
1396, 0, 365, 2589.4, 33.99529379193539
1397, 639, 365, 2519.68, 36.69955858045162
1398, 0, 366, 2584.12, 73.46363454117964
1399, 639, 366, 2619.4, 103.29065785442553
1400, 0, 367, 2582.4, 35.76814224977306
1401, 639, 367, 2475.12, 93.81101001481649
1402, 0, 368, 2624.92, 72.01995279087596
1403, 639, 368, 2597.24, 100.20989172731402
1404, 0, 369, 2614.72, 32.473398343875246
1405, 639, 369, 2616.16, 132.20277758050318
1406, 0, 370, 2477.36, 129.30951395779044
1407, 639, 370, 2513.24, 76.37605907612671
1408, 0, 371, 2592.68, 75.26046505304096
1409, 639, 371, 2651.88, 125.06872350831762
1410, 0, 372, 2598.12, 30.00042666363263
1411, 639, 372, 2641.28, 125.22540317363726
1412, 0, 373, 2570.8, 74.57077175408605
1413, 639, 373, 2462.72, 77.44392552034019
1414, 0, 374, 2579.24, 21.722393974882237
1415, 639, 374, 2655.88, 115.00237214944742
1416, 0, 375, 2714.64, 33.78387781176104
1417, 639, 375, 2512.6, 75.34135650491037
1418, 0, 376, 2636.0, 30.80129867391958
1419, 639, 376, 2478.92, 69.73315997429057
1420, 0, 377, 2586.36, 28.31095900883613
1421, 639, 377, 2547.76, 107.3783143842368
1422, 0, 378, 2431.44, 125.77188239030217
1423, 639, 378, 2598.0, 148.443928808153
1424, 0, 379, 2634.68, 72.76907035272609
1425, 639, 379, 2451.12, 73.42333144171543
1426, 0, 380, 2648.88, 27.38075236365867
1427, 639, 380, 2663.84, 126.82954860757015
1428, 0, 381, 2431.56, 131.43213610072692
1429, 639, 381, 2517.76, 35.89460126537137
1430, 0, 382, 2629.16, 35.2212208760571
1431, 639, 382, 2498.84, 57.52959586160847
1432, 0, 383, 2607.36, 79.90938868493488
1433, 639, 383, 2520.92, 37.96516297870982
1434, 0, 384, 2571.8, 29.784559758371444
1435, 639, 384, 2484.96, 114.7963344362528
1436, 0, 385, 2423.4, 123.56342500918306
1437, 639, 385, 2593.28, 120.02683699906451
1438, 0, 386, 2656.72, 78.7682778788517
1439, 639, 386, 2548.2, 108.9197869994245
1440, 0, 387, 2573.16, 36.12609029496551
1441, 639, 387, 2515.24, 110.17378272529268
1442, 0, 388, 2609.96, 82.19853040048831
1443, 639, 388, 2503.96, 55.39420908362174
1444, 0, 389, 2533.76, 96.9891870261835
1445, 639, 389, 2377.04, 104.72229180074318
1446, 0, 390, 2638.96, 73.69367951188218
1447, 639, 390, 2506.52, 87.09264951762577
1448, 0, 391, 2690.52, 29.974816096183144
1449, 639, 391, 2572.24, 82.02306017212476
1450, 0, 392, 2614.72, 32.78965690579881
1451, 41, 392, 11466.56, 263.12614161272535
1452, 639, 392, 2623.52, 94.53808544708318
1453, 0, 393, 2650.28, 30.304481516765797
1454, 639, 393, 2554.24, 111.95759197124599
1455, 0, 394, 2609.84, 78.00598951362646
1456, 358, 394, 2098.2, 96.93833091197723
1457, 639, 394, 2431.92, 96.38668787752798
1458, 0, 395, 2634.72, 25.135663906091676
1459, 639, 395, 2641.8, 124.28354677912924
1460, 0, 396, 2647.08, 73.30370795532788
1461, 497, 396, 437.48, 53.93412277955395
1462, 639, 396, 2513.8, 126.38291023710444
1463, 0, 397, 2750.8, 74.92342757776102
1464, 639, 397, 2686.0, 132.5201871414314
1465, 0, 398, 2583.16, 72.16629684277832
1466, 639, 398, 2467.76, 43.08900555826275
1467, 0, 399, 2542.2, 77.96871167333727
1468, 639, 399, 2691.96, 101.8754062568587
1469, 0, 400, 2432.08, 130.37512646206713
1470, 639, 400, 2444.72, 95.1237173369502
1471, 0, 401, 2591.6, 76.37905472051877
1472, 639, 401, 2538.12, 59.812587304011515
1473, 0, 402, 2617.8, 33.466401061363015
1474, 639, 402, 2588.88, 140.18083178523375
1475, 0, 403, 2672.92, 77.97636565011221
1476, 639, 403, 2604.08, 113.34299096106474
1477, 0, 404, 2660.48, 79.45923231443908
1478, 639, 404, 2697.76, 120.6294425088668
1479, 0, 405, 2655.36, 77.93272996629848
1480, 639, 405, 2479.04, 62.34258897415153
1481, 0, 406, 2680.48, 34.87706409662373
1482, 639, 406, 2504.76, 95.2929294334055
1483, 0, 407, 2657.24, 28.334120773371463
1484, 639, 407, 2601.52, 87.25049913897342
1485, 0, 408, 2576.8, 31.126837295170223
1486, 639, 408, 2610.64, 129.88175545472117
1487, 0, 409, 2608.56, 80.46469039274307
1488, 639, 409, 2493.68, 63.997324944094345
1489, 0, 410, 2643.84, 24.233332416322785
1490, 639, 410, 2392.24, 79.5905924089022
1491, 0, 411, 2702.08, 30.786906307714624
1492, 639, 411, 2622.68, 98.33767131674412
1493, 0, 412, 2648.56, 25.056863331231227
1494, 639, 412, 2567.76, 96.39140210620448
1495, 0, 413, 2731.84, 37.467511259756776
1496, 639, 413, 2681.64, 122.6151312032899
1497, 0, 414, 2633.28, 30.297881114031718
1498, 639, 414, 2523.68, 77.67404714574876
1499, 0, 415, 2677.88, 80.15251462056571
1500, 639, 415, 2549.12, 112.14573375746399
1501, 0, 416, 2597.16, 78.7455039986411
1502, 639, 416, 2742.08, 129.5623155087929
1503, 0, 417, 2604.96, 35.369455749276106
1504, 489, 417, 2011.12, 21.61725236934611
1505, 639, 417, 2693.24, 120.48976056080451
1506, 0, 418, 2482.52, 129.3386624331642
1507, 639, 418, 2526.16, 93.73907616357224
1508, 0, 419, 2701.76, 28.211033302592803
1509, 639, 419, 2671.52, 95.65108258665973
1510, 0, 420, 2599.92, 78.6124264986141
1511, 639, 420, 2502.68, 100.0006879976333
1512, 0, 421, 2611.12, 80.21836198776438
1513, 639, 421, 2555.96, 132.91304826840744
1514, 0, 422, 2483.84, 119.24384428556468
1515, 639, 422, 2449.96, 71.05011189294497
1516, 0, 423, 2555.84, 80.08029969973887
1517, 639, 423, 2705.52, 119.4172918801963
1518, 0, 424, 2649.12, 76.60773851250279
1519, 639, 424, 2491.24, 91.11499547275409
1520, 0, 425, 2646.88, 33.95092929508704
1521, 639, 425, 2379.0, 98.12237257628864
1522, 0, 426, 2618.8, 79.76766262088917
1523, 639, 426, 2599.6, 72.12988285031385
1524, 0, 427, 2548.28, 77.98385473929844
1525, 639, 427, 2465.16, 97.5920816460024
1526, 0, 428, 2683.48, 80.5109284507389
1527, 639, 428, 2650.4, 127.18773525776768
1528, 0, 429, 2635.64, 30.855638058546123
1529, 639, 429, 2564.72, 91.9288942607274
1530, 0, 430, 2668.36, 31.47809397025176
1531, 639, 430, 2630.64, 95.23733721603098
1532, 0, 431, 2630.56, 24.90795856749405
1533, 639, 431, 2677.44, 137.02907136808597
1534, 0, 432, 2541.8, 92.83964670333468
1535, 639, 432, 2760.28, 141.64816130116196
1536, 0, 433, 2643.2, 74.49026782070257
1537, 639, 433, 2684.6, 124.26198131367454
1538, 0, 434, 2573.72, 20.762504665863414
1539, 374, 434, 2168.84, 114.15136617666911
1540, 639, 434, 2376.16, 116.1439382834937
1541, 0, 435, 2487.6, 131.70755483266706
1542, 639, 435, 2521.64, 57.45877130604169
1543, 0, 436, 2616.6, 36.36811790566018
1544, 639, 436, 2703.84, 116.76974950731031
1545, 0, 437, 2490.28, 111.31271984818268
1546, 639, 437, 2507.2, 87.76149497359306
1547, 0, 438, 2627.68, 32.547466875319195
1548, 639, 438, 2610.88, 113.80802080697123
1549, 0, 439, 2607.72, 30.487400676344976
1550, 639, 439, 2717.36, 134.677059664963
1551, 0, 440, 2691.4, 32.05869616812263
1552, 639, 440, 2660.32, 123.24210968658399
1553, 0, 441, 2611.08, 80.25455501091511
1554, 639, 441, 2507.96, 86.18374788787037
1555, 0, 442, 2677.92, 30.789504705337478
1556, 639, 442, 2497.32, 105.25881245767502
1557, 0, 443, 2447.92, 130.8718212603462
1558, 639, 443, 2569.56, 131.2713464545862
1559, 0, 444, 2578.12, 29.473133528690145
1560, 639, 444, 2622.88, 110.06228055060461
1561, 0, 445, 2694.28, 27.115338832476347
1562, 639, 445, 2713.44, 128.7984720406263
1563, 0, 446, 2439.04, 137.98796469257744
1564, 639, 446, 2667.04, 133.6836504588351
1565, 0, 447, 2702.88, 29.81451995253319
1566, 639, 447, 2469.12, 104.92218831114799
1567, 0, 448, 2634.8, 76.28577849114474
1568, 639, 448, 2449.88, 95.36050335437622
1569, 0, 449, 2629.8, 33.644018784919254
1570, 639, 449, 2523.32, 106.38636002796599
1571, 0, 450, 2611.92, 78.23294446714887
1572, 639, 450, 2490.84, 95.41391093546054
1573, 0, 451, 2568.32, 73.37177659018487
1574, 639, 451, 2511.32, 85.03962370565853
1575, 0, 452, 2656.8, 28.931643575849613
1576, 639, 452, 2681.4, 97.38049085930918
1577, 0, 453, 2783.12, 49.69452283702903
1578, 639, 453, 2640.8, 117.95388929577524
1579, 0, 454, 2556.12, 96.39017377305635
1580, 639, 454, 2597.44, 122.92602002830809
1581, 0, 455, 2770.44, 33.368344280170696
1582, 639, 455, 2587.64, 140.88630309579423
1583, 0, 456, 2750.56, 29.252117872044753
1584, 639, 456, 2774.16, 118.47149192949331
1585, 0, 457, 2626.68, 27.74558703650006
1586, 639, 457, 2691.92, 132.59861839400892
1587, 0, 458, 2584.76, 76.68652032789073
1588, 639, 458, 2676.4, 119.30632841555386
1589, 0, 459, 2641.52, 31.437709840253948
1590, 639, 459, 2542.72, 130.902259720755
1591, 0, 460, 2575.88, 22.716196864792312
1592, 639, 460, 2513.44, 74.1668820970654
1593, 0, 461, 2697.08, 30.256133262530398
1594, 639, 461, 2559.72, 124.794076782514
1595, 0, 462, 2629.76, 31.520507610125826
1596, 639, 462, 2693.76, 137.6454227353747
1597, 0, 463, 2580.16, 75.11147981500562
1598, 639, 463, 2630.92, 138.53719211821783
1599, 0, 464, 2693.16, 29.65087519787571
1600, 639, 464, 2525.48, 93.37113900986749
1601, 0, 465, 2633.8, 74.82245652208968
1602, 639, 465, 2635.88, 132.52813135330928
1603, 0, 466, 2584.56, 77.88251665168507
1604, 639, 466, 2614.76, 110.67837367796837
1605, 0, 467, 2577.96, 27.29612426700905
1606, 639, 467, 2511.52, 68.82913336662027
1607, 0, 468, 2641.24, 30.163925473982996
1608, 639, 468, 2560.32, 120.09586837189696
1609, 0, 469, 2663.8, 76.2076111684391
1610, 639, 469, 2552.0, 80.728185908021
1611, 0, 470, 2635.72, 31.981894878196314
1612, 405, 470, 555.76, 72.05457931318453
1613, 639, 470, 2693.56, 133.729900919727
1614, 0, 471, 2467.72, 132.66273629018812
1615, 639, 471, 2586.6, 92.10863151735563
1616, 0, 472, 2544.28, 77.01819005923211
1617, 639, 472, 2699.16, 131.542747424554
1618, 0, 473, 2583.36, 76.0341397005319
1619, 639, 473, 2846.6, 120.02633044461537
1620, 0, 474, 2539.44, 93.64873944693544
1621, 639, 474, 2682.84, 89.45688570479076
1622, 0, 475, 2599.72, 31.106938132834603
1623, 639, 475, 2579.84, 92.19053313654281
1624, 0, 476, 2385.8, 128.3996884731423
1625, 639, 476, 2701.04, 141.32500981779552
1626, 0, 477, 2686.64, 33.380089874055166
1627, 639, 477, 2523.32, 128.16074906148137
1628, 0, 478, 2600.32, 78.23488735851802
1629, 639, 478, 2515.52, 127.03168738547086
1630, 0, 479, 2592.24, 27.791048918671642
1631, 639, 479, 2454.28, 103.37795509681936
1632, 0, 480, 2590.28, 74.74303713390297
1633, 639, 480, 2470.36, 75.29827620868886
1634, 0, 481, 2579.32, 72.05870939726854
1635, 639, 481, 2665.16, 124.42433202553269
1636, 0, 482, 2733.64, 38.76687245574498
1637, 639, 482, 2610.2, 102.46248093814633
1638, 0, 483, 2697.92, 27.958426279030775
1639, 639, 483, 2458.36, 99.45768145296773
1640, 0, 484, 2622.76, 81.83167113043703
1641, 639, 484, 2480.2, 57.863287151699225
1642, 0, 485, 2710.44, 31.747856620565745
1643, 639, 485, 2713.16, 134.9920530994325
1644, 0, 486, 2431.12, 131.09029559811052
1645, 639, 486, 2657.36, 129.56230315952243
1646, 0, 487, 2591.68, 37.773768676159385
1647, 639, 487, 2505.96, 74.39380619379547
1648, 0, 488, 2389.48, 136.10088023227476
1649, 487, 488, 370.2, 101.29205299528687
1650, 639, 488, 2513.04, 61.23167807597634
1651, 0, 489, 2623.48, 28.408618410616167
1652, 639, 489, 2393.92, 95.30956720078001
1653, 0, 490, 2606.04, 69.26498682595702
1654, 639, 490, 2649.24, 118.40448640148735
1655, 0, 491, 2437.24, 138.11973935683486
1656, 639, 491, 2720.16, 120.18941051523633
1657, 0, 492, 2659.56, 38.97699834517789
1658, 639, 492, 2667.04, 129.8890234007478
1659, 0, 493, 2648.16, 76.30553322007518
1660, 639, 493, 2730.88, 125.28505736918508
1661, 0, 494, 2597.72, 29.767794678141673
1662, 639, 494, 2427.4, 97.83823383524458
1663, 0, 495, 2627.32, 73.28668091815864
1664, 639, 495, 2493.88, 59.283265766993644
1665, 0, 496, 2598.44, 79.85390660449869
1666, 639, 496, 2659.0, 102.0243108283511
1667, 0, 497, 2596.08, 28.02701553858348
1668, 639, 497, 2477.0, 51.85672569686597
1669, 0, 498, 2661.08, 32.88150848121174
1670, 639, 498, 2603.72, 113.57341942549763
1671, 0, 499, 2615.16, 69.07658358662506
1672, 639, 499, 2535.6, 56.040699495991305
1673, 0, 500, 2480.56, 118.49930970263074
1674, 639, 500, 2736.48, 120.09600159872102
1675, 0, 501, 2603.12, 68.21455563147794
1676, 639, 501, 2657.84, 68.25931731273027
1677, 0, 502, 2587.72, 31.574065306830544
1678, 639, 502, 2664.4, 130.88284837976286
1679, 0, 503, 2546.2, 94.08336728667825
1680, 639, 503, 2508.28, 79.38791847630218
1681, 0, 504, 2594.32, 19.153527090329863
1682, 639, 504, 2589.92, 146.87407395452746
1683, 0, 505, 2688.24, 20.312124458066915
1684, 639, 505, 2531.56, 100.97091858550164
1685, 0, 506, 2611.36, 17.950777141951267
1686, 639, 506, 2489.12, 102.6225394345706
1687, 0, 507, 2610.8, 19.322525714823097
1688, 639, 507, 2662.72, 110.44655540124371
1689, 0, 508, 2701.32, 13.43940474872306
1690, 639, 508, 2671.08, 113.33169724309259
1691, 0, 509, 2605.44, 21.916350061084536
1692, 639, 509, 2427.4, 84.46916597196872
1693, 0, 510, 2717.24, 18.621020380204737
1694, 639, 510, 2477.52, 57.067062303924494
1695, 0, 511, 3374.56, 125.25241075524254
1696, 1, 511, 2530.48, 102.2769260390632
1697, 2, 511, 2721.4, 125.83036199582358
1698, 3, 511, 2745.76, 127.5019309657701
1699, 4, 511, 2714.92, 127.75192209904318
1700, 5, 511, 2609.48, 119.2808853085858
1701, 6, 511, 2399.96, 119.00705189189419
1702, 7, 511, 2482.24, 115.2480038872691
1703, 8, 511, 2628.8, 134.97584969171336
1704, 9, 511, 2382.44, 115.26285785108749
1705, 10, 511, 2442.84, 113.32455338539835
1706, 11, 511, 2521.04, 112.20070588013252
1707, 12, 511, 2446.64, 94.84635153763163
1708, 13, 511, 2498.88, 102.43683712415178
1709, 14, 511, 2470.64, 106.17076056994223
1710, 15, 511, 2356.0, 112.54012617728843
1711, 16, 511, 2702.72, 126.86103263019736
1712, 17, 511, 2533.0, 127.46042523073584
1713, 18, 511, 2474.16, 104.34929036653772
1714, 19, 511, 2749.16, 120.52574164882785
1715, 20, 511, 2432.96, 96.1392656514496
1716, 21, 511, 2437.44, 121.14456818198661
1717, 22, 511, 2401.92, 69.03385835950357
1718, 23, 511, 2365.04, 115.02816350789922
1719, 24, 511, 2561.36, 128.7462247990208
1720, 25, 511, 2474.36, 72.04991603048542
1721, 26, 511, 2524.24, 103.22607422545913
1722, 27, 511, 2418.4, 119.62340908033009
1723, 28, 511, 2473.44, 110.6569762825643
1724, 29, 511, 2489.44, 111.73328241844503
1725, 30, 511, 2612.44, 129.55063257275125
1726, 31, 511, 2477.0, 98.57058384731218
1727, 32, 511, 2461.8, 117.23071269936048
1728, 33, 511, 2376.72, 110.88968211695803
1729, 34, 511, 2371.88, 125.04857296266918
1730, 35, 511, 2359.72, 111.41544596688557
1731, 36, 511, 2326.32, 103.60606932028645
1732, 37, 511, 2667.36, 122.52767197657842
1733, 38, 511, 2724.56, 124.18730369888864
1734, 39, 511, 2369.16, 133.31996999699635
1735, 40, 511, 2494.96, 81.07501711378171
1736, 41, 511, 2370.56, 120.5895783225068
1737, 42, 511, 2554.84, 104.63027477742757
1738, 43, 511, 2441.2, 101.36389889896698
1739, 44, 511, 2421.8, 111.08951345649149
1740, 45, 511, 2683.2, 151.43817220238762
1741, 46, 511, 2376.8, 105.13496088361855
1742, 47, 511, 2448.0, 113.94279266368716
1743, 48, 511, 2666.28, 122.86074067821667
1744, 49, 511, 2424.64, 98.29786569402205
1745, 50, 511, 2415.88, 113.30077493115394
1746, 51, 511, 2575.32, 128.0464665658526
1747, 52, 511, 2401.48, 98.65662471420761
1748, 53, 511, 2709.08, 127.87428826781404
1749, 54, 511, 2444.84, 104.55952563014046
1750, 55, 511, 2384.64, 106.19110320549458
1751, 56, 511, 2466.84, 116.43321862767513
1752, 57, 511, 2542.32, 90.49142279796467
1753, 58, 511, 2479.2, 105.49274856595594
1754, 59, 511, 2515.88, 119.97310365244371
1755, 60, 511, 2490.72, 93.16115928862199
1756, 61, 511, 2410.6, 113.78224817606653
1757, 62, 511, 2320.12, 106.83868962131649
1758, 63, 511, 2424.72, 102.54073141927553
1759, 64, 511, 2466.64, 69.85005654972656
1760, 65, 511, 2461.44, 98.23403890709166
1761, 66, 511, 2506.12, 85.27382716871571
1762, 67, 511, 2715.92, 123.99158681136394
1763, 68, 511, 2476.76, 114.4357566497465
1764, 69, 511, 2459.96, 59.356873233013204
1765, 70, 511, 2467.8, 108.14175881684189
1766, 71, 511, 2394.2, 102.23658836248401
1767, 72, 511, 2454.32, 112.37000311471029
1768, 73, 511, 2488.64, 103.33358795667554
1769, 74, 511, 2334.8, 126.84415634943535
1770, 75, 511, 2290.0, 110.10031789236578
1771, 76, 511, 2495.16, 92.126730105871
1772, 77, 511, 2425.6, 94.66361497428672
1773, 78, 511, 2441.52, 101.77627228386783
1774, 79, 511, 2452.44, 107.55392321993651
1775, 80, 511, 2442.44, 116.36462692760202
1776, 81, 511, 2391.64, 85.63685188048426
1777, 82, 511, 2667.68, 142.2287509612596
1778, 83, 511, 2398.08, 112.85634053964358
1779, 84, 511, 2470.72, 50.19603171566454
1780, 85, 511, 2412.76, 118.02517697508443
1781, 86, 511, 2452.48, 106.60848746699297
1782, 87, 511, 2552.24, 148.57921254334337
1783, 88, 511, 2416.84, 95.78504267368679
1784, 89, 511, 2370.64, 116.71945167794442
1785, 90, 511, 2579.28, 148.24075552964507
1786, 91, 511, 2472.24, 102.596015517173
1787, 92, 511, 2445.16, 96.0127824823341
1788, 93, 511, 2538.0, 165.00278785523594
1789, 94, 511, 2456.12, 116.27082867168359
1790, 95, 511, 2749.32, 129.12280046529352
1791, 96, 511, 2498.92, 93.53712418072301
1792, 97, 511, 2446.56, 93.18071903564599
1793, 98, 511, 2399.24, 104.53794717708972
1794, 99, 511, 2368.24, 94.40520324643128
1795, 100, 511, 2430.04, 125.27552993302403
1796, 101, 511, 2357.44, 108.14548719202296
1797, 102, 511, 2688.04, 127.7029302717835
1798, 103, 511, 2394.28, 97.53871846605325
1799, 104, 511, 2539.52, 124.84009612300046
1800, 105, 511, 2520.56, 113.15337555724972
1801, 106, 511, 2401.84, 112.78711983200917
1802, 107, 511, 2395.36, 113.97995613264644
1803, 108, 511, 2402.56, 89.68615500733657
1804, 109, 511, 2303.36, 119.47815867345795
1805, 110, 511, 2472.28, 87.04505500026984
1806, 111, 511, 2703.64, 128.43204584526404
1807, 112, 511, 2355.52, 131.29542870945662
1808, 113, 511, 2329.12, 99.21948195793
1809, 114, 511, 2428.2, 125.75499990060037
1810, 115, 511, 2351.0, 94.78565292279207
1811, 116, 511, 2697.64, 128.4420118185635
1812, 117, 511, 2413.88, 103.62830501363997
1813, 118, 511, 2464.2, 121.07881730509263
1814, 119, 511, 2418.72, 109.97873248951362
1815, 120, 511, 2392.48, 95.19164669234375
1816, 121, 511, 2388.84, 103.04472038877103
1817, 122, 511, 2431.24, 110.07207820333002
1818, 123, 511, 2370.8, 125.4007974456303
1819, 124, 511, 2436.88, 128.97761666273726
1820, 125, 511, 2700.4, 134.3109824251167
1821, 126, 511, 2345.16, 108.8267173078376
1822, 127, 511, 2402.96, 119.63961885596258
1823, 128, 511, 2462.76, 88.16043557061182
1824, 129, 511, 2450.84, 98.3762898263601
1825, 130, 511, 2634.88, 113.5729967906104
1826, 131, 511, 2659.4, 144.49608991249556
1827, 132, 511, 2417.84, 119.03837364480411
1828, 133, 511, 2625.6, 153.10623762603535
1829, 134, 511, 2613.6, 127.90871745115734
1830, 135, 511, 2442.52, 100.3964620890597
1831, 136, 511, 2466.76, 114.90492765760746
1832, 137, 511, 2349.32, 94.7922866060314
1833, 138, 511, 2416.0, 122.92827176853989
1834, 139, 511, 2522.08, 84.07183594997792
1835, 140, 511, 2656.8, 145.72412291724388
1836, 141, 511, 2390.76, 120.6695587130408
1837, 142, 511, 2695.28, 125.27362691324939
1838, 143, 511, 2524.04, 135.57093493813488
1839, 144, 511, 2561.52, 147.92541904622072
1840, 145, 511, 2430.12, 113.68986586323338
1841, 146, 511, 2456.64, 101.11612334341146
1842, 147, 511, 2725.88, 131.6310966299377
1843, 148, 511, 2411.32, 112.89454194069792
1844, 149, 511, 2484.44, 54.86425430095628
1845, 150, 511, 2449.12, 122.60842385415448
1846, 151, 511, 2269.04, 115.70703695108608
1847, 152, 511, 2467.12, 99.69566490073677
1848, 153, 511, 2728.52, 125.30478681997747
1849, 154, 511, 2588.16, 172.51914212631593
1850, 155, 511, 2447.44, 96.58160487380606
1851, 156, 511, 2656.24, 135.48764666935506
1852, 157, 511, 2426.72, 116.92203214108109
1853, 158, 511, 2510.2, 83.99571417637925
1854, 159, 511, 2687.8, 126.43860170058824
1855, 160, 511, 2475.52, 112.5678888493517
1856, 161, 511, 2442.24, 83.27269900753787
1857, 162, 511, 2474.0, 115.23853522151347
1858, 163, 511, 2601.76, 177.2070608074069
1859, 164, 511, 2399.12, 67.16863553772697
1860, 165, 511, 2577.36, 148.12748023239982
1861, 166, 511, 2566.32, 157.47043405033213
1862, 167, 511, 2468.96, 71.95024947837221
1863, 168, 511, 2521.16, 134.73104467790637
1864, 169, 511, 2519.76, 134.65400996628358
1865, 170, 511, 2458.28, 76.35837609588091
1866, 171, 511, 2363.96, 119.38223653458668
1867, 172, 511, 2434.48, 121.06927603649078
1868, 173, 511, 2417.84, 52.62142529426583
1869, 174, 511, 2444.28, 102.47283347307227
1870, 175, 511, 2446.8, 100.21536808294425
1871, 176, 511, 2500.96, 100.7227799457501
1872, 177, 511, 2439.2, 100.60775318035881
1873, 178, 511, 2407.28, 114.11416038336345
1874, 179, 511, 2412.12, 109.02084938212506
1875, 180, 511, 2509.92, 117.87821512052173
1876, 181, 511, 2494.16, 95.25111232946311
1877, 182, 511, 2446.92, 94.62343050217534
1878, 183, 511, 2437.4, 101.73141107838818
1879, 184, 511, 2413.8, 134.42648548556195
1880, 185, 511, 2507.4, 92.8990850331692
1881, 186, 511, 2700.8, 123.6485341603369
1882, 187, 511, 2362.4, 115.0182594199721
1883, 188, 511, 2477.16, 93.93899296884122
1884, 189, 511, 2421.2, 107.8817871561275
1885, 190, 511, 2425.52, 115.11911048996166
1886, 191, 511, 2412.56, 115.69479850019187
1887, 192, 511, 2330.84, 116.42875246261123
1888, 193, 511, 2387.8, 112.22620014951947
1889, 194, 511, 2537.04, 103.73793134625349
1890, 195, 511, 2475.48, 115.11007601422214
1891, 196, 511, 2718.56, 124.62939621132729
1892, 197, 511, 2412.32, 114.10581755546035
1893, 198, 511, 2720.88, 126.44060107418028
1894, 199, 511, 2433.04, 120.742529375527
1895, 200, 511, 2699.16, 116.16563347221071
1896, 201, 511, 2613.6, 148.68624684213398
1897, 202, 511, 2728.24, 126.55221214976844
1898, 203, 511, 2476.84, 115.57566525873861
1899, 204, 511, 2473.48, 115.40506747972553
1900, 205, 511, 2365.8, 112.29425630903835
1901, 206, 511, 2490.96, 91.86619835391035
1902, 207, 511, 2467.08, 114.87381598954566
1903, 208, 511, 2487.08, 56.7759949274339
1904, 209, 511, 2455.0, 123.68443717784385
1905, 210, 511, 2429.48, 117.78798580500477
1906, 211, 511, 2517.24, 113.3999223985625
1907, 212, 511, 2448.64, 73.14417543454844
1908, 213, 511, 2364.12, 127.03710324153334
1909, 214, 511, 2523.88, 68.87166035460449
1910, 215, 511, 2394.04, 112.11618259644769
1911, 216, 511, 2737.2, 133.44751777384246
1912, 217, 511, 2372.44, 117.75978260849499
1913, 218, 511, 2645.24, 158.74212547399006
1914, 219, 511, 2635.68, 158.95451424857364
1915, 220, 511, 2417.12, 112.55587767860015
1916, 221, 511, 2467.48, 115.33676603754762
1917, 222, 511, 2391.56, 117.83143213930654
1918, 223, 511, 2394.2, 120.54940895748929
1919, 224, 511, 2695.68, 127.54504145595
1920, 225, 511, 2360.4, 130.19308737409986
1921, 226, 511, 2481.56, 111.77659146708669
1922, 227, 511, 2473.64, 116.57131036408572
1923, 228, 511, 2413.16, 107.89649855301143
1924, 229, 511, 2420.52, 117.62656842737528
1925, 230, 511, 2476.76, 98.7984939156463
1926, 231, 511, 2639.6, 139.10686539491857
1927, 232, 511, 2541.92, 139.76406405081386
1928, 233, 511, 2685.44, 128.91891405065434
1929, 234, 511, 2659.92, 143.99886666220675
1930, 235, 511, 2658.32, 145.95882159020056
1931, 236, 511, 2385.96, 122.1351644695335
1932, 237, 511, 2449.84, 124.41790224883233
1933, 238, 511, 2461.4, 98.2356350821839
1934, 239, 511, 2760.48, 128.57281827820373
1935, 240, 511, 2436.68, 110.55992764107616
1936, 241, 511, 2364.96, 103.60057142699551
1937, 242, 511, 2394.64, 126.02853010330637
1938, 243, 511, 2663.32, 124.37804307835044
1939, 244, 511, 2492.16, 107.3344977162515
1940, 245, 511, 2460.04, 98.56144479460517
1941, 246, 511, 2442.04, 113.8460293554413
1942, 247, 511, 2578.72, 146.01247070027955
1943, 248, 511, 2490.96, 109.88738963138582
1944, 249, 511, 2580.72, 125.33427942905325
1945, 250, 511, 2329.12, 118.63703300403293
1946, 251, 511, 2346.08, 111.2255078657769
1947, 252, 511, 2351.0, 109.73167272943579
1948, 253, 511, 2422.52, 109.81516106622072
1949, 254, 511, 2452.2, 115.58961891104235
1950, 255, 511, 2425.84, 101.84603281424369
1951, 256, 511, 2422.2, 102.60214422710668
1952, 257, 511, 2414.72, 114.72803319154389
1953, 258, 511, 2496.84, 92.22090001729543
1954, 259, 511, 2438.68, 104.67997707298183
1955, 260, 511, 2354.8, 109.84461752857989
1956, 261, 511, 2394.92, 122.78140575836393
1957, 262, 511, 2461.0, 83.36618019316946
1958, 263, 511, 2384.24, 124.91061764317715
1959, 264, 511, 2452.6, 115.41854270436792
1960, 265, 511, 2463.8, 120.08963319121263
1961, 266, 511, 2408.4, 118.28575569357453
1962, 267, 511, 2466.32, 111.85230261375936
1963, 268, 511, 2415.68, 105.96668155604385
1964, 269, 511, 2728.44, 129.57502228438938
1965, 270, 511, 2559.52, 194.90759246371084
1966, 271, 511, 2585.44, 128.99242768472885
1967, 272, 511, 2347.32, 114.41353766054084
1968, 273, 511, 2463.84, 105.17516056560122
1969, 274, 511, 2362.08, 116.17501280395884
1970, 275, 511, 2436.88, 164.3638208365819
1971, 276, 511, 2534.88, 125.81075311752966
1972, 277, 511, 2413.36, 107.84465865308304
1973, 278, 511, 2443.48, 121.61122316628511
1974, 279, 511, 2485.92, 102.48313812525453
1975, 280, 511, 2465.08, 90.25028310204904
1976, 281, 511, 2387.24, 124.06329997223192
1977, 282, 511, 2724.16, 134.4733966255036
1978, 283, 511, 2367.52, 114.47414380548997
1979, 284, 511, 2290.04, 131.48185578246148
1980, 285, 511, 2386.24, 99.34275212616167
1981, 286, 511, 2438.32, 104.94864267821666
1982, 287, 511, 2417.72, 109.28989706281179
1983, 288, 511, 2624.84, 154.60729090182002
1984, 289, 511, 2513.36, 159.82587525178766
1985, 290, 511, 2482.36, 108.0221755011442
1986, 291, 511, 2559.64, 117.7012761188255
1987, 292, 511, 2405.32, 117.42153805839882
1988, 293, 511, 2367.8, 94.08889413740603
1989, 294, 511, 2508.0, 167.17870677810618
1990, 295, 511, 2431.48, 128.74661005245923
1991, 296, 511, 2398.28, 113.25847253075595
1992, 297, 511, 2427.36, 102.38081070200606
1993, 298, 511, 2475.52, 97.81947454367152
1994, 299, 511, 2440.12, 106.69220027724613
1995, 300, 511, 2467.6, 113.08510069854472
1996, 301, 511, 2542.12, 90.46383586826285
1997, 302, 511, 2286.56, 125.69075701896304
1998, 303, 511, 2499.04, 129.76948177441412
1999, 304, 511, 2433.64, 110.27379743166551
2000, 305, 511, 2417.48, 127.55237982883737
2001, 306, 511, 2672.12, 148.18186663691344
2002, 307, 511, 2497.96, 129.78458460079148
2003, 308, 511, 2624.88, 169.0198378889295
2004, 309, 511, 2490.64, 90.99972747211936
2005, 310, 511, 2502.4, 125.64903501420136
2006, 311, 511, 2403.76, 126.13969399043269
2007, 312, 511, 2513.16, 69.63429040350738
2008, 313, 511, 2440.6, 123.15616103143196
2009, 314, 511, 2791.68, 130.8995706639254
2010, 315, 511, 2435.44, 128.1770899966137
2011, 316, 511, 2443.48, 112.27719982258195
2012, 317, 511, 2389.44, 124.57674903448074
2013, 318, 511, 2473.0, 106.57391800998967
2014, 319, 511, 2367.48, 127.70782904740022
2015, 320, 511, 2517.6, 160.42717974208736
2016, 321, 511, 2338.56, 116.3209628570878
2017, 322, 511, 2385.12, 113.38335680336864
2018, 323, 511, 2347.4, 120.61741167841399
2019, 324, 511, 2511.48, 178.05799504655778
2020, 325, 511, 2420.36, 122.39211739323738
2021, 326, 511, 2374.68, 115.54660358487392
2022, 327, 511, 2392.48, 123.9371195405154
2023, 328, 511, 2445.32, 117.29952088563704
2024, 329, 511, 2410.4, 124.03612377045648
2025, 330, 511, 2441.08, 106.03015420152892
2026, 331, 511, 2435.24, 118.00382366686259
2027, 332, 511, 2383.28, 108.88508437798082
2028, 333, 511, 2555.6, 147.96540136126416
2029, 334, 511, 2737.2, 133.19789788131044
2030, 335, 511, 2367.16, 109.46878276476814
2031, 336, 511, 2449.6, 116.40481089714463
2032, 337, 511, 2692.92, 147.34908754383244
2033, 338, 511, 2380.44, 125.86916381703662
2034, 339, 511, 2399.2, 91.35075259679036
2035, 340, 511, 2702.64, 127.91055624927913
2036, 341, 511, 2396.32, 117.47432740816183
2037, 342, 511, 2410.92, 112.99590081060462
2038, 343, 511, 2333.12, 121.20010561051504
2039, 344, 511, 2418.08, 101.78287478746118
2040, 345, 511, 2534.12, 128.67923531013076
2041, 346, 511, 2418.64, 99.0607409623005
2042, 347, 511, 2437.16, 117.42356833276698
2043, 348, 511, 2421.96, 108.99118496465668
2044, 349, 511, 2439.4, 115.61591585936601
2045, 350, 511, 2652.12, 145.13368182472323
2046, 351, 511, 2430.28, 133.5803937709423
2047, 352, 511, 2473.88, 113.10502022456828
2048, 353, 511, 2510.6, 83.98761813505608
2049, 354, 511, 2732.8, 127.49086241766506
2050, 355, 511, 2367.76, 131.69397252721933
2051, 356, 511, 2419.64, 106.38566820770549
2052, 357, 511, 2482.44, 105.52727799010073
2053, 358, 511, 2434.08, 123.70025707329795
2054, 359, 511, 2385.36, 119.47782388376514
2055, 360, 511, 2335.44, 113.89225785803
2056, 361, 511, 2426.8, 123.80403870633624
2057, 362, 511, 2320.52, 117.08940857310708
2058, 363, 511, 2427.0, 114.56247204036757
2059, 364, 511, 2427.24, 123.55995467788097
2060, 365, 511, 2404.76, 117.0997113574581
2061, 366, 511, 2356.84, 113.16207138436447
2062, 367, 511, 2309.88, 125.31474613947077
2063, 368, 511, 2417.24, 101.13329026586646
2064, 369, 511, 2368.52, 106.78843383063543
2065, 370, 511, 2411.2, 116.11408183334181
2066, 371, 511, 2388.16, 120.14280835738775
2067, 372, 511, 2458.36, 119.96295428172814
2068, 373, 511, 2360.48, 111.92394560593365
2069, 374, 511, 2405.8, 130.48524820837025
2070, 375, 511, 2502.76, 84.0824737980514
2071, 376, 511, 2377.12, 127.45173831690175
2072, 377, 511, 2382.84, 121.46165814774636
2073, 378, 511, 2682.04, 122.04605032527681
2074, 379, 511, 2546.92, 116.44085880823793
2075, 380, 511, 2453.36, 72.15920176942092
2076, 381, 511, 2450.68, 123.34689943407575
2077, 382, 511, 2341.6, 118.43344122333016
2078, 383, 511, 2759.48, 126.24614687189467
2079, 384, 511, 2442.32, 110.19536106388507
2080, 385, 511, 2431.72, 106.4836212757624
2081, 386, 511, 2352.36, 90.22322539124833
2082, 387, 511, 2304.76, 126.29624855869632
2083, 388, 511, 2433.08, 128.64740028465405
2084, 389, 511, 2422.52, 115.6802904560669
2085, 390, 511, 2442.12, 123.25788250655614
2086, 391, 511, 2373.24, 132.2041693744944
2087, 392, 511, 2395.4, 90.69200626295572
2088, 393, 511, 2479.28, 137.76574900896082
2089, 394, 511, 2508.44, 120.04735065797996
2090, 395, 511, 2478.0, 101.42228551950502
2091, 396, 511, 2397.12, 122.12757919487309
2092, 397, 511, 2345.84, 126.33975779619018
2093, 398, 511, 2375.56, 113.22158098171921
2094, 399, 511, 2411.64, 109.35735183333583
2095, 400, 511, 2433.92, 115.17288569798015
2096, 401, 511, 2420.76, 118.7586729464421
2097, 402, 511, 2457.92, 111.06175579379249
2098, 403, 511, 2419.6, 115.82400442049999
2099, 404, 511, 2380.28, 124.02339134211738
2100, 405, 511, 2470.12, 115.66756503013282
2101, 406, 511, 2498.6, 101.60354324530223
2102, 407, 511, 2472.92, 119.29121342328614
2103, 408, 511, 2429.76, 125.22532651185222
2104, 409, 511, 2434.56, 102.45392330213618
2105, 410, 511, 2409.56, 103.37817177721804
2106, 411, 511, 2461.52, 143.1799203799192
2107, 412, 511, 2394.6, 98.87972491871122
2108, 413, 511, 2344.92, 114.47407392069175
2109, 414, 511, 2434.12, 103.41346914208033
2110, 415, 511, 2485.68, 111.40977335943198
2111, 416, 511, 2420.52, 71.33196758817185
2112, 417, 511, 2431.04, 124.12686413504531
2113, 418, 511, 2401.48, 112.74470985372218
2114, 419, 511, 2445.76, 104.47900458943892
2115, 420, 511, 2706.16, 148.7372663457279
2116, 421, 511, 2399.64, 103.9553288677401
2117, 422, 511, 2342.84, 120.01955840611976
2118, 423, 511, 2397.52, 125.8313538034142
2119, 424, 511, 2338.76, 127.20197482743733
2120, 425, 511, 2429.72, 96.10973727984069
2121, 426, 511, 2328.56, 122.14092843924186
2122, 427, 511, 2659.2, 144.66540706056855
2123, 428, 511, 2416.36, 115.16800944706823
2124, 429, 511, 2648.28, 160.22671936977304
2125, 430, 511, 2589.84, 102.85744698367735
2126, 431, 511, 2394.12, 121.20835614758577
2127, 432, 511, 2520.44, 136.14406487247248
2128, 433, 511, 2402.84, 130.7601407157395
2129, 434, 511, 2429.36, 97.7617021128417
2130, 435, 511, 2355.88, 111.24614869738187
2131, 436, 511, 2375.08, 94.7510084379053
2132, 437, 511, 2413.48, 129.48795156307014
2133, 438, 511, 2423.36, 106.08294113569816
2134, 439, 511, 2509.4, 69.48726502028987
2135, 440, 511, 2439.44, 113.90279364440539
2136, 441, 511, 2479.28, 103.87473995153972
2137, 442, 511, 2708.92, 127.2427349596039
2138, 443, 511, 2443.32, 122.23705493834511
2139, 444, 511, 2481.6, 138.32281084477714
2140, 445, 511, 2413.68, 110.18555985245979
2141, 446, 511, 2507.24, 121.88003281916197
2142, 447, 511, 2429.8, 104.04921912249029
2143, 448, 511, 2515.6, 119.74439444082549
2144, 449, 511, 2438.72, 109.21337647010094
2145, 450, 511, 2451.92, 114.6594679910909
2146, 451, 511, 2457.72, 105.38710357534265
2147, 452, 511, 2745.6, 129.63672319215723
2148, 453, 511, 2409.36, 114.98900121315951
2149, 454, 511, 2520.12, 84.27209265231284
2150, 455, 511, 2450.32, 128.60162362894178
2151, 456, 511, 2426.48, 101.81517372179847
2152, 457, 511, 2426.6, 102.72915847022207
2153, 458, 511, 2471.8, 116.29582967587446
2154, 459, 511, 2443.48, 124.80388455492881
2155, 460, 511, 2482.84, 109.35215772905444
2156, 461, 511, 2331.32, 122.654219658355
2157, 462, 511, 2699.48, 169.77823653224814
2158, 463, 511, 2355.28, 102.42754317077024
2159, 464, 511, 2506.84, 147.99423772566283
2160, 465, 511, 2414.56, 122.79057944321299
2161, 466, 511, 2391.12, 83.46463682302823
2162, 467, 511, 2428.76, 117.27549786720157
2163, 468, 511, 2912.44, 117.08153740022378
2164, 469, 511, 2723.48, 126.6182040624491
2165, 470, 511, 2409.04, 112.95963172744501
2166, 471, 511, 2449.72, 121.814127259526
2167, 472, 511, 2362.8, 103.97884400203728
2168, 473, 511, 2489.12, 111.60083153812072
2169, 474, 511, 2415.24, 118.2060167673372
2170, 475, 511, 2498.44, 84.03764870580328
2171, 476, 511, 2413.96, 115.96912692609185
2172, 477, 511, 2316.64, 100.45690817459992
2173, 478, 511, 2465.68, 105.90589029888753
2174, 479, 511, 2422.84, 103.80430819575842
2175, 480, 511, 2373.36, 109.33101298350803
2176, 481, 511, 2353.88, 110.81058433200322
2177, 482, 511, 2448.6, 121.14256064653742
2178, 483, 511, 2472.92, 102.75754765466137
2179, 484, 511, 2350.96, 109.89539753784052
2180, 485, 511, 2351.24, 127.90442681940294
2181, 486, 511, 2396.2, 126.63490829941009
2182, 487, 511, 2358.08, 114.46184342391136
2183, 488, 511, 2487.28, 137.13628841411744
2184, 489, 511, 2763.92, 115.64460039275504
2185, 490, 511, 2403.0, 113.45060599221144
2186, 491, 511, 2388.8, 96.33732402345416
2187, 492, 511, 2339.52, 127.41338077297847
2188, 493, 511, 2572.76, 140.20963732925065
2189, 494, 511, 2654.92, 142.14694368856476
2190, 495, 511, 2426.44, 116.67290345234407
2191, 496, 511, 2422.96, 90.58321257274993
2192, 497, 511, 2458.52, 119.10470015914568
2193, 498, 511, 2478.36, 114.90026283694915
2194, 499, 511, 2606.0, 125.80651811412635
2195, 500, 511, 2505.88, 128.84294936084007
2196, 501, 511, 2396.0, 130.0864328052699
2197, 502, 511, 2495.72, 92.48157438106252
2198, 503, 511, 2437.0, 123.95902548826366
2199, 504, 511, 2473.96, 83.96307759962113
2200, 505, 511, 2503.56, 97.09750975179537
2201, 506, 511, 2364.84, 96.33677594771376
2202, 507, 511, 2459.32, 104.09100633580215
2203, 508, 511, 2583.8, 130.01815257878417
2204, 509, 511, 2536.88, 164.65511106552387
2205, 510, 511, 2446.96, 116.24886408047176
2206, 511, 511, 2605.96, 98.22442873338588
2207, 512, 511, 2419.72, 130.29306044452252
2208, 513, 511, 2424.68, 95.25028923840598
2209, 514, 511, 2362.2, 107.30442674931916
2210, 515, 511, 2485.2, 110.09450485832615
2211, 516, 511, 2652.92, 143.4263350992418
2212, 517, 511, 2812.16, 121.37237906542
2213, 518, 511, 2479.28, 108.92401755352213
2214, 519, 511, 2282.12, 116.98386897346145
2215, 520, 511, 2611.24, 129.1805805839252
2216, 521, 511, 2456.32, 113.51571521159526
2217, 522, 511, 2405.24, 108.82399735352492
2218, 523, 511, 2485.84, 97.57445567360342
2219, 524, 511, 2486.48, 90.3460547008003
2220, 525, 511, 2363.96, 110.27220139273543
2221, 526, 511, 2587.68, 146.2120979946598
2222, 527, 511, 2548.8, 158.15157286603252
2223, 528, 511, 2456.16, 118.9671147838763
2224, 529, 511, 2478.68, 101.69236746187003
2225, 530, 511, 2609.36, 144.9487854381678
2226, 531, 511, 2387.48, 110.05930037938639
2227, 532, 511, 2504.04, 126.84777648819865
2228, 533, 511, 2433.52, 96.30082865687086
2229, 534, 511, 2545.04, 116.52209404228883
2230, 535, 511, 2437.08, 125.41576296462898
2231, 536, 511, 2384.72, 123.36110245940573
2232, 537, 511, 2589.64, 114.80100347993479
2233, 538, 511, 2448.4, 122.10257982532556
2234, 539, 511, 2445.08, 95.93452767382556
2235, 540, 511, 2448.56, 111.28596677029856
2236, 541, 511, 2529.76, 154.60563508488298
2237, 542, 511, 2627.12, 138.4625061162768
2238, 543, 511, 2435.04, 98.20569433591923
2239, 544, 511, 2441.48, 102.84167248737258
2240, 545, 511, 2604.52, 160.2850261253371
2241, 546, 511, 2469.72, 105.87937287309555
2242, 547, 511, 2440.76, 97.9552060893141
2243, 548, 511, 2433.56, 103.39326090224644
2244, 549, 511, 2469.0, 101.06314857553173
2245, 550, 511, 2519.28, 135.64852229198812
2246, 551, 511, 2490.84, 111.22542155460684
2247, 552, 511, 2679.48, 123.12566588652425
2248, 553, 511, 2504.6, 127.7985915415346
2249, 554, 511, 2698.24, 135.8735529821753
2250, 555, 511, 2723.52, 131.24423644488166
2251, 556, 511, 2503.92, 165.3505173865507
2252, 557, 511, 2420.84, 88.59105146683834
2253, 558, 511, 2685.2, 128.48283932105488
2254, 559, 511, 2543.4, 158.08554646140172
2255, 560, 511, 2715.84, 131.04218557395936
2256, 561, 511, 2684.4, 127.63949232114645
2257, 562, 511, 2682.52, 123.72424822968213
2258, 563, 511, 2366.56, 114.43114261423767
2259, 564, 511, 2465.04, 104.77040803585714
2260, 565, 511, 2429.72, 103.54149699516614
2261, 566, 511, 2479.0, 89.91462617394347
2262, 567, 511, 2466.16, 117.14834356490064
2263, 568, 511, 2448.36, 113.287203160816
2264, 569, 511, 2751.48, 131.15063705525796
2265, 570, 511, 2648.88, 162.04204886386742
2266, 571, 511, 2627.2, 135.87111539985236
2267, 572, 511, 2424.72, 116.98633082544302
2268, 573, 511, 2438.96, 68.35289606154228
2269, 574, 511, 2387.64, 122.21616259726042
2270, 575, 511, 2443.0, 83.2615157200492
2271, 576, 511, 2397.8, 116.8578623799015
2272, 577, 511, 2505.84, 92.94845022914583
2273, 578, 511, 2405.44, 116.04243361805197
2274, 579, 511, 2499.24, 85.13954662787441
2275, 580, 511, 2739.28, 128.13290599998112
2276, 581, 511, 2430.4, 105.31362684857073
2277, 582, 511, 2406.92, 75.56026468984872
2278, 583, 511, 2600.2, 143.80709301004592
2279, 584, 511, 2405.68, 109.58055301922873
2280, 585, 511, 2338.04, 119.0685449646547
2281, 586, 511, 2382.64, 119.8298393556463
2282, 587, 511, 2458.52, 97.35794574661075
2283, 588, 511, 2426.96, 103.23738857603868
2284, 589, 511, 2333.84, 121.58344624166564
2285, 590, 511, 2451.48, 117.29317797723787
2286, 591, 511, 2588.6, 156.53191367896835
2287, 592, 511, 2459.2, 89.51424467647594
2288, 593, 511, 2453.8, 114.14482029422096
2289, 594, 511, 2492.32, 130.54124865344286
2290, 595, 511, 2454.44, 117.73668247407007
2291, 596, 511, 2517.04, 159.3949760814311
2292, 597, 511, 2433.12, 100.26936521191305
2293, 598, 511, 2759.92, 132.87013810484282
2294, 599, 511, 2391.88, 96.60406616700975
2295, 600, 511, 2495.24, 93.66676251477895
2296, 601, 511, 2503.96, 71.58685912931227
2297, 602, 511, 2488.64, 97.0438581261071
2298, 603, 511, 2725.12, 137.54106877583874
2299, 604, 511, 2420.8, 131.82351838727413
2300, 605, 511, 2463.0, 80.60074441343578
2301, 606, 511, 2412.48, 116.3422949747855
2302, 607, 511, 2407.92, 112.19230633158406
2303, 608, 511, 2419.28, 118.56964873018727
2304, 609, 511, 2361.0, 126.30629437997142
2305, 610, 511, 2672.44, 119.13490840219757
2306, 611, 511, 2582.0, 126.13770253179658
2307, 612, 511, 2698.2, 120.66349903761287
2308, 613, 511, 2439.76, 109.96518721850109
2309, 614, 511, 2479.96, 109.47309441136667
2310, 615, 511, 2421.68, 109.2317609489108
2311, 616, 511, 2476.44, 92.57346488060172
2312, 617, 511, 2432.8, 93.43018784097569
2313, 618, 511, 2472.6, 74.22236859599671
2314, 619, 511, 2403.24, 123.92296962226173
2315, 620, 511, 2667.16, 128.34505989713824
2316, 621, 511, 2768.28, 128.27174903305874
2317, 622, 511, 2318.56, 122.45785560755178
2318, 623, 511, 2488.68, 106.58507212550921
2319, 624, 511, 2489.64, 96.23507884342382
2320, 625, 511, 2354.56, 114.2030052143988
2321, 626, 511, 2541.92, 115.14475064022676
2322, 627, 511, 2488.6, 86.77372874320892
2323, 628, 511, 2433.12, 119.97177001278259
2324, 629, 511, 2479.6, 98.89145564708814
2325, 630, 511, 2428.72, 101.60177951197508
2326, 631, 511, 2643.36, 160.43687356714477
2327, 632, 511, 2446.56, 101.77350539310318
2328, 633, 511, 2484.32, 101.15679710232033
2329, 634, 511, 2595.96, 153.64829449102257
2330, 635, 511, 2494.8, 127.98843697772074
2331, 636, 511, 2559.96, 104.71236030192425
2332, 637, 511, 2443.4, 127.23364334954807
2333, 638, 511, 2602.36, 142.80192715786436
2334, 639, 511, 3325.4, 119.93464887179185
